1.600073
-0.946455
0.464247
-0.658573
-0.184001
0.116430
-1.223349
0.335576
0.639212
0.271259
-1.651544
-0.137400
1.053088
-2.498537
0.207027
-0.283259
-1.859797
-1.669870
0.135644
-0.576907
0.948792
-0.297796
-1.972042
1.114150
-0.418131
1.496566
1.904673
1.988417
0.344481
-0.514371
-0.470681
2.374848
1.185094
-0.703171
-1.132787
-0.237660
-0.362116
0.841367
1.603571
0.475675
-0.652921
-1.218681
-0.440062
-0.830429
-1.417223
-0.264257
-0.122059
0.924470
-1.259654
1.033319
-0.764792
-0.047428
0.685671
-0.080028
0.254145
-1.440625
-0.080278
-0.286116
-2.220840
-0.395699
0.043261
1.433997
-0.820633
-0.328771
1.255411
-1.461082
-0.888186
-0.860990
1.236226
-2.651471
-0.922803
-0.431775
-0.076971
-1.847649
0.833926
-0.041959
0.354480
2.021523
0.109912
-1.729928
0.918840
-0.009006
-0.417250
0.117296
-1.213030
-0.006422
1.045682
-0.275337
-0.814712
-0.749748
-0.258147
0.730132
-0.371767
-1.930094
1.119480
0.449496
1.956314
-1.519268
-0.745135
-0.638616
-0.297340
0.717828
-0.335809
2.070788
-0.868411
1.872776
-0.687366
-0.282430
-0.675360
-1.232358
-0.206462
1.553634
-0.501312
-0.511934
-0.668306
0.081878
0.309562
1.591050
-0.297023
0.614613
-0.431759
0.253102
1.198991
-0.788406
0.284988
-1.032967
1.006761
-0.400479
0.074318
1.362504
-2.675391
0.039230
-2.531415
-1.225543
0.811144
1.166642
-0.172497
-0.758333
-0.749248
0.099943
2.445348
0.363926
-0.146805
2.422913
-0.130069
-1.013722
1.476362
-1.012901
-0.153823
-0.119334
-1.572391
0.531538
-0.569525
-0.300949
0.910751
1.207229
0.017151
0.217390
1.410727
1.878817
-1.086908
2.001599
-0.541901
1.118944
-0.019723
0.598540
0.360537
1.772060
0.068255
-1.784579
-0.672667
0.600663
-0.490576
-0.109428
-2.267183
0.537325
-0.548134
-1.495310
-0.813545
0.282624
0.999263
-0.840347
-0.628774
2.621569
1.035520
0.535330
-0.232004
0.127982
-0.460588
-0.342404
1.915278
0.360161
1.448286
0.887331
-0.018729
0.265765
-0.305104
1.766531
-1.450355
-0.487185
-1.833485
-0.639628
0.886238
-0.244239
-0.754561
0.905341
1.129587
-1.213274
1.247909
-0.211943
-0.006453
0.613248
1.355557
0.673157
-0.724814
0.823801
0.603502
-1.724546
-1.555592
-0.026896
-0.351281
1.619426
-2.448568
-0.948458
1.704982
0.541690
1.016143
-0.743920
0.539642
1.816953
-0.113092
2.633433
0.709428
0.377450
-1.339953
-1.127661
-0.292470
-0.332600
-0.104999
1.345594
1.314730
0.700765
-1.252897
-0.046169
-0.760034
0.203600
1.043695
0.919957
1.161454
0.183908
0.461460
-0.210643
2.075577
0.151824
1.656543
-0.353106
-1.996754
-0.384264
-0.221892
-0.034287
-2.081546
-0.549666
0.807686
-1.580945
0.468683
0.037967
1.476196
-0.588818
1.578902
-0.926482
1.207258
-0.469032
0.186042
-0.555348
0.844320
-0.145033
0.462350
-1.372404
-1.513492
-0.035543
-1.450433
-1.016070
0.822943
-0.482485
-0.648097
1.214118
3.602106
-1.672088
-0.206371
-0.877238
-0.737850
1.624918
-1.823057
0.318075
0.280309
0.436965
1.081442
-0.015826
1.596103
0.645335
-0.661806
-0.266934
1.186707
1.249985
0.270409
-0.607429
-0.224030
-1.364909
2.143194
0.880047
-0.020041
0.748741
-0.063355
-1.008175
-1.452157
0.476105
-0.580981
-0.102191
-0.052183
-0.524928
0.418145
0.801460
-0.143841
1.395419
0.296208
-0.099675
0.029549
0.776167
-1.448469
0.580492
0.139767
1.434881
0.753309
-0.564078
-0.593360
0.614066
-1.185099
-0.067841
1.207922
-1.047468
-0.168217
-2.408977
-0.441512
-2.060116
0.690984
1.215427
-0.420701
0.649580
0.167021
-0.332349
-1.027336
-1.657214
-0.258549
1.115260
0.131058
0.006726
0.505157
0.197323
-0.727447
0.707626
2.280517
1.027496
0.175775
-1.708092
0.644873
0.598717
-2.749169
-1.520351
0.824524
1.364570
-2.217305
1.038676
-0.755847
-0.625750
0.293666
0.391389
1.835762
-1.238977
-1.111651
-2.189522
-0.607938
-1.507655
1.094892
0.706913
0.276972
0.987290
1.510756
-1.126063
-1.090189
2.075947
-1.732846
-0.160436
1.639309
-2.266391
0.209575
1.668859
-1.299405
-1.531597
-0.108844
0.622648
0.062083
0.274568
0.394340
-0.600838
0.450849
-0.614599
-2.342613
0.663965
0.470712
0.824236
0.266693
0.523722
-0.850382
0.124555
0.384490
0.035174
0.201993
-0.029188
0.424138
0.321115
1.397916
0.190530
-0.138285
-0.203550
2.775407
-0.271047
0.240564
-0.456607
1.851002
-2.079768
1.186127
0.308737
-0.247499
-0.857828
0.469391
0.027108
0.581192
0.310415
0.300412
0.524864
-0.659374
-2.285388
1.570178
0.471650
-0.414308
-1.090393
-0.036584
0.605581
0.525413
-1.385562
-0.200966
0.000123
1.130386
0.814854
-0.690018
-0.588958
-0.406971
-1.338780
-2.179622
-0.521252
-0.599320
-0.862661
-0.016195
1.096958
0.848137
1.546942
1.798697
2.348058
0.694259
-0.477784
0.891699
-0.330720
-1.425016
0.051927
0.219118
-0.640561
0.902985
1.962311
2.431505
-0.389049
-1.015642
0.088166
0.117016
-0.367045
-0.693769
0.482663
0.537257
0.429860
0.558042
-0.453693
0.315305
0.143466
-0.115966
0.575436
0.102935
0.949664
1.677574
-0.090296
-1.926591
1.438769
0.130317
-0.063139
1.939528
-0.294108
0.573335
0.245475
0.258920
-0.716703
0.699150
-0.922826
-0.034229
0.579593
-1.258749
0.464577
0.237595
-0.035437
0.826389
1.168843
0.603524
0.494018
-1.953786
0.888020
-1.374537
-0.187034
1.013026
-1.468220
0.686269
-0.009712
-2.533598
0.095059
-0.199556
1.155523
-0.998178
0.087249
-0.680275
0.510918
0.504711
1.656092
-0.465868
-0.956607
-1.676891
1.599009
0.807324
1.593127
-0.242505
-1.201594
-0.085790
0.004602
-0.057239
1.621096
-0.345597
1.199702
-1.173964
1.339025
-1.268057
0.136948
0.313256
-1.687098
-0.249189
-0.531850
-0.781895
-0.036085
0.686694
0.722072
-1.035644
-0.807888
0.331712
-1.195661
1.655708
-0.568163
-0.175745
0.626827
-1.285146
1.266622
-0.612653
-0.268346
0.707892
-0.180730
0.986741
0.515259
0.429477
-1.019013
-1.831482
-0.046950
-0.547815
0.557237
0.713946
-0.031018
-0.442037
-0.893014
-2.163755
-1.488392
0.388668
-0.928181
-0.662973
-2.280666
-0.247320
-0.660738
1.261912
0.306115
2.298362
0.589791
0.531030
1.683059
0.237385
-0.038750
0.789801
-0.431074
-0.088280
0.680139
-0.790428
0.445218
-0.554165
-0.883612
-0.070415
-0.408658
0.737880
-0.762877
0.382750
1.677866
-1.515636
0.549905
-0.710757
-1.217359
0.083749
-0.158094
0.945404
-0.980496
-0.077292
-1.714662
0.583344
-0.572518
1.359677
1.470984
-1.201014
-1.336858
0.584330
0.924662
-0.024714
0.880547
-0.393635
1.088413
0.817948
-1.596856
0.813733
-1.029636
0.573350
1.334979
-1.315929
-0.457508
0.139410
-1.680982
0.453401
-1.160880
2.126557
-0.956034
-1.046518
1.407372
-0.968076
-0.109562
-0.070723
-1.517747
0.818538
1.417321
-0.035563
-1.253244
-0.653932
-0.587226
1.346320
1.142207
-2.148298
-0.635379
2.362427
1.019425
-0.003659
-0.507930
-0.444388
1.362355
1.850867
-0.641194
-1.339022
1.120630
0.092627
0.480951
1.709261
1.111240
-1.907112
0.665645
-0.837793
-1.699188
-1.941391
0.312046
0.952868
-0.344025
0.532822
-0.426771
0.362922
0.864014
-0.384087
-1.219201
0.541559
-0.094355
-0.681655
-0.184760
-1.250938
1.247859
-0.356956
-0.209957
0.179850
-0.597087
-0.678280
0.194212
-1.446322
0.860051
-0.844206
0.180357
0.000535
0.143149
-1.762873
1.061546
-0.236326
0.309916
-1.266755
-0.086344
-2.054989
-0.346210
0.423560
-0.067183
0.605451
1.715796
1.251751
1.158832
-0.305837
0.730067
0.033429
-0.256090
0.351745
0.590253
-0.873668
-0.496376
-0.147536
-0.288336
0.301895
0.262771
0.111252
0.461331
0.584854
-0.423374
-1.173070
0.630799
0.831791
0.538268
-0.498719
-0.822012
-1.818466
-0.155692
2.130774
-1.078523
0.613247
0.062777
-1.306992
-0.108382
-0.550567
-0.783908
-0.235295
1.103442
0.376075
-2.185124
1.281975
-0.781727
1.175856
-1.618593
0.131111
1.797514
0.670171
1.999706
-0.367255
1.012891
0.104794
1.686506
-0.216095
-0.229550
0.329238
0.129997
-0.397426
1.012393
0.868155
0.110832
0.088000
-0.058377
0.351981
-1.039021
1.188852
-2.256883
0.396924
-0.568974
1.468082
-0.207727
-0.157229
0.090168
0.279715
-0.413135
0.481873
0.974827
0.733152
-0.540767
-0.067691
-0.014219
0.707214
-0.428472
0.380866
-0.082818
-1.007437
-0.734560
0.400572
-1.678200
-0.475946
1.047853
1.137011
-0.198769
2.146001
-1.375326
-0.049431
0.475791
-0.009436
-1.533264
-0.694788
0.105027
-0.538862
0.470085
-0.484973
1.409103
0.307532
-0.917457
-0.049343
-1.025538
1.717795
0.063233
0.300003
0.177668
-1.212023
-1.017923
-1.534436
0.682148
1.347101
-0.020736
-1.373497
-1.498440
-2.099243
0.238580
0.888741
-0.385823
-0.804010
0.793799
-0.498651
-0.173077
-0.920246
0.453301
-0.871254
0.658076
-0.589425
-0.937111
0.653913
0.240035
-1.568837
-1.027928
-0.728321
-1.357015
0.852626
-0.011304
1.070135
1.289363
0.286100
1.539809
0.390588
1.585655
-0.605032
-0.754259
0.815642
-0.983017
-1.116814
0.623182
1.142344
-0.204773
-0.621230
-1.002914
0.066821
0.243298
0.204861
-0.296232
-0.284310
0.417344
-0.052846
-1.116697
-0.305175
-0.929645
1.012064
0.297964
-1.052250
0.719139
0.338372
-0.320869
-1.242607
0.393712
0.553902
-0.292305
-0.486899
1.134984
-1.092496
-2.621056
-0.070108
0.114169
1.274590
-0.400845
0.154295
0.575140
0.332095
0.361345
0.827070
-0.845907
-0.637030
-1.297259
-0.054667
0.209810
0.063564
-1.702241
-0.513071
-1.002973
-0.198877
1.910509
-0.492018
0.774776
-0.376580
0.660161
2.041695
-0.101334
0.595712
0.013764
1.134297
-1.706902
-0.785484
0.983308
0.178773
0.336916
-1.777603
0.206958
0.673642
-1.139466
-0.806507
1.287063
1.065774
0.003599
0.697797
-1.346227
-0.745040
0.011455
1.851446
-0.760294
0.182473
-0.000081
-0.163067
0.598993
-3.280426
-0.046044
0.651837
-0.935165
-1.861867
-0.338026
-1.769521
-0.878987
0.702491
0.039198
0.182648
1.126103
-2.375627
-0.606791
-0.452767
-0.313298
-1.216012
-1.442108
-1.789116
0.090436
1.265676
-0.190691
-0.161901
-1.841146
0.012736
0.374971
0.381767
-0.726532
-1.337138
-0.292843
0.531218
-0.865952
-0.348963
-0.210573
2.318571
1.293928
1.058160
0.083395
0.218248
0.746394
1.273046
0.269288
-0.577933
0.645787
-0.680682
-1.690898
1.337857
0.168457
0.412976
0.115135
-0.388674
0.215592
0.835584
0.928624
-0.847685
1.615781
1.438029
1.629256
-0.139054
-0.058989
-0.857841
-1.233842
-0.039833
-0.870672
0.071609
0.490301
-0.081195
0.484805
2.623907
0.407626
0.609592
0.126129
-1.444574
0.617983
-0.356444
1.244317
-2.095006
-0.712114
0.608547
-0.237841
0.299137
-1.533327
-2.279782
0.297035
0.237933
0.858769
0.307949
0.611413
-2.316015
-2.249104
0.656150
-0.590307
0.679134
0.713419
2.358128
0.508736
-0.790742
-1.280095
0.553352
-0.481436
0.476871
2.490051
1.020297
1.571181
-0.514329
1.137399
0.565458
0.302635
-0.146975
-0.577644
-0.304713
-0.641088
0.602092
0.785311
1.523251
0.485208
-0.220637
-1.068576
-0.214193
-2.560995
-1.267587
-1.479717
1.496826
1.627299
-0.494631
0.617700
-0.245580
1.767443
0.112139
-1.075868
0.412118
0.648481
0.676555
0.151874
-1.204165
-0.076463
-0.376959
-3.183204
2.257108
-0.083381
1.068823
-1.897526
0.277177
0.792279
-0.454959
0.642789
0.358019
-1.124444
-0.472229
1.275183
1.229227
-0.313020
0.217380
0.644634
0.435206
-0.586910
0.381689
-0.935158
-0.292252
0.322331
0.871055
2.420724
0.544548
-1.409917
-1.640402
0.227560
0.857400
1.179287
0.933084
-1.404671
-0.247052
0.529085
1.555567
2.075960
0.184746
-0.591872
0.535651
2.391213
0.674564
0.616072
-0.363002
2.522647
-0.420466
0.268571
0.264814
0.820638
-1.283563
-0.023365
0.944127
-0.896449
-0.479128
0.102027
-1.370477
0.470547
0.280574
0.900088
0.339787
-0.538364
0.623545
0.116464
0.944753
1.458278
0.703884
1.047625
-0.564346
0.156481
-0.034210
1.402249
0.982117
0.370273
-0.417127
0.979374
0.355448
-1.519469
-0.866263
0.271028
-3.019988
0.908690
0.202917
0.832550
0.315628
-0.868804
-0.287796
0.788993
1.103052
-0.273119
-1.612911
-0.776502
0.877282
0.841538
-0.136238
0.993290
-1.707785
-0.866216
-2.227019
-1.259321
2.256722
1.302104
0.930906
1.462598
0.450788
0.867070
1.794368
0.057448
1.301213
-1.434864
0.641099
1.408030
-0.194403
1.464329
0.765908
1.246610
0.121488
-1.552421
0.141022
0.918811
1.409349
-0.563243
1.541701
0.412469
0.458875
1.554809
0.492664
0.994048
-0.017721
2.397008
0.389526
0.809826
-0.234638
1.531883
-0.128383
0.048441
-0.190208
-1.225778
-0.064634
0.205948
-1.321890
1.147148
-0.399262
2.369423
-1.278478
1.102805
1.564045
0.234488
0.609306
-0.031386
-0.722997
-0.464455
-0.185930
-0.241913
-0.774148
-0.480344
-0.692459
-0.131947
1.177010
0.237457
-2.245909
-0.337112
-0.552874
0.173925
-0.474778
1.381729
0.110079
0.064648
1.387355
0.219601
0.971790
-1.056810
0.496412
0.406106
-0.908662
-0.084470
-1.202434
-1.876442
-0.149751
-2.290947
0.780938
0.298111
1.293377
-0.387313
-1.365839
-0.100301
-1.332107
-0.173895
-1.698672
0.911350
1.433620
-1.532631
-0.373319
-0.587521
-0.735057
0.953560
0.466950
0.772741
-0.409328
-1.887992
-0.111971
-0.219851
2.018558
0.120613
1.350229
-0.766178
-1.581794
-0.333485
0.559229
0.832499
0.059482
-0.569216
0.369850
0.382616
-0.117422
-1.168228
0.637165
0.756910
0.032583
0.108429
-0.548509
0.153456
1.051185
0.974865
1.456735
-0.008377
1.273961
0.235162
-1.085489
-0.340293
-1.090161
-0.080564
0.205907
-1.906947
0.485660
-0.261152
1.912006
-1.018095
2.040457
-0.290523
-1.303278
1.098047
-0.450438
0.943547
1.046425
1.709292
-0.596087
-2.077177
0.624267
-1.691942
1.966985
1.595612
-0.739311
0.619248
-0.025164
0.097695
0.283566
-1.219227
0.682511
0.176957
-0.324184
0.078323
-0.366010
-1.340848
0.465715
-1.197955
0.933784
-1.270989
-0.815421
-0.667217
0.756265
0.695400
1.958720
-0.323493
-0.330144
0.928184
0.453477
-1.127133
0.892890
0.713371
0.973489
-1.465997
-1.114780
-0.062706
-0.065816
-0.026134
-0.086512
-0.962374
-0.011311
-0.040219
-0.340105
0.793744
0.547633
-0.531276
-0.765483
1.197504
0.698915
0.049622
-0.157477
-0.239763
-1.124935
-0.802236
0.939007
2.727145
-1.607257
-1.200196
-1.985019
0.392373
-1.389108
0.413986
0.325686
1.529860
-0.671860
1.206178
0.862994
-1.498376
1.447950
-1.515280
1.257036
0.519920
1.333443
-0.162529
0.697915
-0.314781
0.780311
0.564716
0.523966
0.073648
-1.013654
-1.147792
0.062113
2.210288
-1.417058
0.300236
-1.689265
-1.214929
3.559504
-0.300812
-1.706841
-0.443812
0.755760
1.233468
0.049110
0.263165
0.605830
0.571665
0.993695
0.409142
-1.477565
0.356262
-0.277360
1.011532
0.481810
-2.066298
-1.936265
-0.299851
1.060119
-0.482623
0.237696
1.019438
1.056840
2.238210
1.228280
-0.530554
-0.119269
1.339701
-0.529795
1.173982
-0.619605
0.661184
0.352782
0.139330
0.509964
0.149738
-0.354377
-2.126964
-0.413953
0.005875
0.878412
-0.531876
0.784946
-0.068567
0.491860
0.255693
0.714554
-2.371530
-1.903862
1.153245
-2.173042
-0.889101
-0.668910
2.103467
0.942984
-1.374553
-1.747364
0.863717
-0.027464
0.221984
-0.352020
-0.321754
1.210782
-1.384278
0.390607
1.208669
0.768742
-0.219455
0.281703
-0.230666
-1.062889
-0.060957
1.238440
0.838005
-0.709388
0.691571
-1.280918
-0.322040
1.416392
-1.300741
0.659569
-0.700812
1.318512
0.544573
0.794467
-0.185148
-0.947219
-0.716102
1.202151
0.236569
1.014152
-0.785135
0.130377
0.013132
0.224380
-0.844682
-1.996931
1.437074
-0.981325
-0.760302
0.391441
0.277483
0.964947
-1.613588
1.451942
0.708721
-0.018678
-2.231778
-0.789429
-0.866076
0.248631
-0.130250
-0.229108
0.677678
-1.854477
-1.532140
-0.286885
0.297786
-1.376502
-0.811587
1.838191
-0.537394
1.222855
0.897877
0.089756
-0.486211
-0.854432
-1.186968
-1.994729
-0.016406
1.518621
0.162610
-0.074786
-0.044427
0.109005
-0.581432
1.257088
-2.245287
0.889225
0.451351
0.136539
0.105251
-1.025151
-0.611851
-1.097842
0.090909
1.479098
-0.102046
-0.393194
0.497614
0.883576
-1.816780
-0.242064
-0.088524
-0.189858
0.148275
0.367350
0.025541
0.834818
-0.814479
0.648843
-0.216842
-0.512935
-0.668470
0.731709
0.438972
-0.643758
0.149672
0.256051
-0.666317
0.273308
-1.663302
1.799047
0.590637
1.073863
0.679717
-0.900789
1.129659
0.133886
0.233362
0.190286
0.392138
-1.055173
-1.639788
1.029915
0.948719
0.789425
-0.214082
0.840733
0.528142
-0.193633
0.664552
1.981462
0.365817
1.944906
1.252158
-0.852314
-1.095912
0.667191
-1.343060
0.886259
1.793239
-1.525342
-0.859552
0.608081
1.013930
-0.234855
0.395573
1.130116
1.340217
-1.434162
1.676783
1.627661
1.770302
-0.835008
-1.378390
-0.413230
1.025132
-0.250320
0.916196
-0.623039
0.874712
0.283939
-1.108769
1.545138
-0.598334
1.502879
-1.150305
0.548352
-0.444189
0.860903
1.454712
-0.317330
0.066532
0.989239
0.302040
1.615889
0.485029
-0.499342
0.057859
-0.063989
0.611121
1.548418
-0.933129
-2.475473
-0.092184
0.081468
-0.734193
1.555809
-0.071178
-1.498399
1.916061
-0.170155
-0.096609
1.042155
0.814330
-0.665286
-0.185552
0.530601
1.053077
-0.146379
-0.048133
0.248855
1.281012
-0.114963
-0.132123
-0.944909
-0.157334
-0.776491
-0.610834
1.102463
1.334243
-1.264532
0.653355
1.597162
-0.264823
-0.800117
-0.607482
-0.577864
-0.849272
0.371380
1.444869
0.850842
-0.754130
-1.538263
0.004448
-0.924335
-0.719125
-0.329403
0.683296
-2.687251
-0.650313
-1.113997
-0.734622
0.408156
0.790279
-0.729189
2.111078
-1.664154
-1.260720
-0.483051
0.916559
0.358675
0.485198
0.399059
-1.398044
0.837462
-0.751850
-0.164088
1.144689
0.821684
0.751905
-0.697016
-0.518137
0.102800
0.807186
-0.506678
0.376780
0.339444
1.070165
-1.508822
-0.593046
-1.535264
0.984475
-1.222764
-0.195075
-0.169427
0.502604
0.075427
-1.458406
-0.666614
0.990654
0.725290
0.158819
-0.165150
1.174735
0.292920
-0.012012
0.569885
-0.668762
0.915962
-0.130689
2.237158
-1.093406
-0.599033
1.316681
-0.880459
-1.116907
0.763480
1.227693
-1.563935
1.116263
-0.785894
0.000063
-0.870711
-0.073731
0.722549
1.413947
0.202373
0.117563
1.646136
-0.026925
-1.326395
2.111663
0.809823
-0.001550
0.220488
1.261107
-0.847800
-2.276471
0.306314
-0.745658
-0.856898
1.179951
-0.940247
-0.679801
0.624979
-0.171964
-0.039774
0.998879
0.191286
2.945153
0.087514
1.757881
-1.209379
2.213303
-1.255807
-0.223251
0.963559
1.102855
1.046559
-0.269260
-1.030205
-0.859830
-0.645467
0.833000
-0.586248
0.694232
-0.495709
-0.882119
-0.593891
0.199447
0.056027
0.153405
-0.371699
0.504501
-1.539196
-0.456551
0.986028
-0.801262
0.036429
1.395712
0.431966
0.090504
-0.219113
0.117169
-2.944080
0.115926
0.171361
-2.396367
-0.942607
-0.129458
-1.033612
1.364938
-0.910751
0.127485
-0.615941
-0.789332
-0.100437
-0.328534
-0.189268
-0.375986
-0.561121
0.653295
0.887029
-0.000579
-0.964363
0.200929
0.165861
-1.369105
1.187332
-1.920119
-0.265939
-0.511987
-0.458696
1.293022
0.796866
-1.817268
-0.852253
0.580603
-1.751144
-1.084039
3.480553
-1.525582
1.640517
-0.495033
-0.290928
0.338505
0.101146
1.260526
-0.876531
0.648559
-2.151053
0.112895
-0.040097
-0.478856
-1.096973
0.302939
-1.529081
-0.304044
-1.105347
0.693409
0.163739
-1.221280
-0.352949
0.792407
0.680356
-0.395017
1.222073
-1.217458
-0.215173
-0.444013
0.633471
0.446726
-0.785293
-2.521551
-2.347753
-0.083448
-1.162476
-0.248001
1.485677
-0.084071
-0.306373
-0.500211
-0.753360
-0.915662
0.123857
-0.229838
-0.024863
0.541984
-0.767582
-1.401700
0.055431
0.397884
-1.656945
-0.241280
0.760508
-0.184576
0.690514
0.376281
-0.408599
-0.480794
-0.026010
-0.284387
0.641408
0.188405
0.307643
0.945061
-1.485425
0.154328
0.892461
1.296237
-1.819683
-0.704177
0.350480
-0.002753
0.970144
-0.236949
-0.543703
0.353138
-0.971189
-0.224296
-1.754830
0.545043
0.160398
-1.388025
-0.729212
0.737047
-1.086509
-0.588233
-1.060648
0.403365
1.176461
1.705223
-0.048412
1.126025
-0.659786
0.707035
0.143122
-0.924175
2.090457
0.012492
0.127483
0.632138
-1.667702
0.378751
-0.478641
0.632131
-0.958538
0.396302
-1.738352
0.280392
-3.260149
0.159014
-0.368977
-0.305226
-0.372486
-0.524731
0.060491
0.261666
0.123256
-0.703779
-0.066024
0.415476
-0.239475
-0.086516
-0.928891
1.607583
1.063083
-0.036370
-1.975944
3.469251
0.048979
1.873161
0.500867
1.072506
-0.287427
0.749735
0.771957
0.469177
-1.102021
1.119804
1.275013
-0.338594
0.528644
-0.032657
-0.825271
-1.046369
-0.139698
-1.244201
-0.595657
-0.799177
0.774970
0.980775
-0.755052
-0.705245
-0.542846
0.252515
-0.172278
0.533530
0.934965
2.088258
0.882350
-0.829023
-0.198618
1.822213
-0.421395
0.250078
-0.095126
0.636654
0.798638
-0.153264
0.362839
0.617719
-0.591584
0.762326
-0.448617
2.010169
0.325820
-0.303953
-0.995316
0.674083
1.046600
1.580028
-0.005990
2.263180
-0.008559
-0.025776
0.343672
0.864892
2.636177
-0.111464
0.010223
0.202854
1.109452
-1.303546
0.503450
0.134259
-1.339832
0.002056
0.848894
1.755838
0.270391
-0.120631
0.057673
-0.776384
1.695730
0.402927
-1.348860
-2.116120
1.352509
0.786283
-0.232579
-1.043369
0.813335
-0.376615
-0.656280
1.298873
0.732555
-0.893177
-0.959609
-0.266023
-1.275920
-0.645133
1.505284
-0.025942
0.014761
0.139465
-0.300541
1.399470
0.419007
0.785826
0.582078
1.045896
0.355284
-1.082210
0.518537
-1.769536
-0.150870
-2.635472
0.552810
0.549691
1.063309
1.161737
-0.477308
-0.586443
1.861767
-0.463057
-1.129437
-0.271349
-0.603420
-1.549399
-1.079399
1.004597
0.381264
1.861909
0.153455
-1.284993
0.318139
-0.056115
-0.402553
-0.332436
-0.016758
0.777651
0.435559
-0.603679
0.878282
1.006623
-0.017234
1.481642
-0.426455
-0.086991
1.282971
-1.122057
-0.612656
-0.145972
-0.087214
0.201789
0.076097
1.875183
0.122668
0.658813
2.410672
0.359179
-0.749659
-1.159398
0.828015
1.816833
0.834244
1.305182
0.345178
-0.879342
-0.223588
1.200401
1.304575
-0.064674
1.207538
-0.946144
0.131541
-1.210476
0.825824
0.791246
-1.320860
-1.928288
-1.034363
-1.569577
-1.485083
-0.835829
-0.697047
-0.765148
-0.684542
2.158630
1.711317
0.645939
-0.086997
0.000002
-0.848139
-1.272854
0.588637
0.869033
-0.592024
-0.081891
1.067082
-1.785855
0.900372
-0.267176
2.074131
-1.170234
0.592636
1.237275
0.226721
-0.609675
0.426661
0.505480
0.399884
-1.056441
-1.433262
0.844341
-0.499613
-0.552993
0.132757
0.745820
1.661818
0.257993
0.965996
-1.285202
-1.445739
0.009882
-0.845246
1.623865
0.472204
0.253866
1.726066
2.149627
0.475787
1.129383
-1.382255
0.582297
-0.999299
-1.260722
-0.790270
-0.366567
0.679802
0.681322
-0.618559
-1.293567
-0.978713
-1.218860
-1.147898
-2.370864
-1.128330
0.741147
0.532154
-0.487087
-1.474143
-0.940925
0.455045
0.650774
0.596213
0.248529
-1.015905
-2.859675
-0.465238
-1.072017
0.278236
0.090943
1.281326
-0.094539
-1.383511
-0.921244
-0.797990
0.137723
-1.556842
0.848810
0.612271
-2.375057
-1.746109
-1.658967
1.222046
1.676209
-0.291476
-0.797947
-0.017353
1.130981
-0.143418
-0.166790
1.227349
0.329016
0.919006
-0.989848
-0.681931
0.740054
-1.704756
-1.077047
-0.032706
2.468971
-1.161863
-1.761637
0.718543
-0.189251
0.363655
1.351652
1.192124
0.929687
1.313290
-1.074682
-0.094278
-0.902514
0.716549
0.837879
-0.476354
0.660755
-1.370832
0.348622
0.010665
-0.063412
-0.427585
0.702309
0.315069
-0.870629
-0.323783
-1.687372
-0.138823
-0.762540
-1.692891
1.223248
-0.293003
-0.065391
-0.541559
-1.677650
0.962720
0.046113
-0.937745
-0.552821
1.881806
0.619327
0.650950
-1.708657
2.027090
0.580881
-0.979712
0.568798
0.215361
-0.675203
1.785506
1.882878
1.163883
1.038228
-0.797776
1.558377
-2.628948
0.863824
-1.956379
0.680464
-1.211097
-1.787453
-2.166659
-1.038244
0.424893
-0.369880
-1.048560
1.063206
-0.025720
-0.752845
-0.418110
0.510090
0.510905
0.319363
-0.675180
-1.410706
0.475313
-0.389952
0.032024
-1.533052
-0.242188
-0.705475
0.149801
-0.379443
0.016309
0.431860
0.047357
-0.859408
-0.009074
1.457625
0.686214
-0.409155
0.011512
0.712609
0.360391
-0.996818
0.853694
0.370340
-0.103502
-0.694312
1.011794
-0.491735
1.660860
-0.519256
-0.299819
0.701729
-1.215513
-0.963006
-2.273968
-2.812135
-1.373092
1.333049
-0.026660
-0.596788
0.032323
1.886079
-0.807691
-0.280002
0.071835
0.443900
1.975087
-0.095033
-0.239413
0.425353
-0.195675
0.069499
-0.858843
-0.221605
0.006731
-1.525399
0.042367
-1.018975
-0.179376
-1.232053
-1.352840
-0.227856
-1.246282
0.228593
1.147562
1.241606
0.167580
-0.999062
1.334421
-0.941962
-1.130856
-0.175698
-0.417948
-0.633121
0.450825
-0.553695
0.384877
-0.216898
0.172155
-0.742616
-1.065387
1.091264
1.760071
-1.882300
-2.738595
0.190167
-0.524097
-0.290042
-0.883293
0.384369
-0.258061
0.250725
0.000192
-0.002895
-0.712042
0.460785
-0.869875
0.327418
-2.057607
0.021379
2.400587
0.467468
-1.227348
-1.643040
1.239048
0.763391
-0.240884
1.798949
-1.156393
0.710052
0.648225
1.027401
0.824994
-0.231338
-2.066555
-0.398829
-0.042722
-0.801708
-1.507443
1.416132
-1.727126
2.654440
-0.639424
-0.130694
-1.167234
-0.845905
-0.690999
-0.981135
-1.037961
0.237155
1.333801
-0.261126
-0.916818
-1.126672
0.227100
-0.857634
0.344901
-2.483190
-0.235097
-0.356501
0.524954
0.732867
0.419820
-1.084352
1.574866
-0.839449
-1.961916
1.525038
1.440935
-2.248153
0.854401
0.502383
-2.115412
0.129842
-0.042918
1.310297
-0.929967
0.072454
-0.409524
-0.245787
-0.452532
-1.057637
-0.711893
-0.508703
0.548039
-0.480316
-1.145480
-0.258169
-0.380400
0.875180
0.382990
1.008976
0.141276
1.438702
0.561141
-0.350485
0.213977
2.132602
-0.110628
0.279568
0.625565
2.656064
-1.373620
0.977352
0.984332
0.563663
0.480513
1.020016
-1.553588
-0.878115
-0.467603
-0.013753
-0.490268
0.412286
-0.548207
0.009341
-0.508593
-2.313098
-0.319633
-0.374951
1.263462
0.275416
-1.758551
-0.089386
-0.490096
0.375569
1.529931
0.213666
1.329524
0.716959
-0.499422
0.537630
0.621664
0.685433
0.831202
0.896123
-1.377745
-0.483360
-0.623292
0.780081
0.342441
-1.032912
-0.861413
-0.412879
0.585831
-0.521098
-0.880341
1.355146
-0.053975
-1.215963
-0.925489
-1.792702
1.012699
0.947016
-0.141892
0.475312
1.228194
-1.871795
1.041229
-0.183871
-0.508669
0.269693
2.217610
1.305362
0.974928
1.003608
-0.301746
-0.666183
0.568113
0.010791
-0.026835
0.839436
0.810704
-0.738931
0.465165
-1.223304
0.792298
1.065131
1.787417
-2.684389
0.971303
0.288569
1.081150
0.343496
-1.191020
0.941896
-0.267066
0.281923
0.896902
0.027871
0.804876
-0.246085
-0.216964
0.623290
1.814372
-3.084866
0.103373
-1.616940
0.309961
0.173979
-2.670599
0.638063
0.107029
-1.026639
-1.751700
-1.407801
0.265664
-1.430308
1.134944
-0.657301
-1.591827
0.870244
0.844446
-0.706388
0.934397
-2.233349
-0.003483
-0.226217
-0.097394
-0.735060
-0.592088
0.033761
0.121658
0.300880
0.536259
-0.503342
-0.265404
0.317589
0.704646
2.112160
-0.821630
-0.766410
0.725837
-0.251966
-0.529518
0.498527
-0.917993
0.395746
-0.832320
0.577499
0.403078
-0.371941
0.538924
-0.288959
0.092039
-0.763901
0.456603
-0.228385
0.734764
-0.718228
0.620629
-0.829336
-1.288278
-0.204890
1.149074
0.768368
0.188084
-0.597503
-0.948903
0.388233
0.944824
-1.434714
-1.293317
1.289947
0.700853
-0.361106
-1.276494
0.655354
-1.385587
0.755242
-1.308561
0.154457
-0.559492
-1.194279
-1.862135
-0.514597
0.993657
1.779936
0.685028
0.625519
-2.186896
-0.930709
-1.110690
0.037338
2.199686
1.102212
0.324360
1.079731
1.356953
0.317287
2.310767
-1.051909
0.058568
1.598403
0.343488
-1.079059
-0.300172
-0.877094
1.011020
-0.691767
-0.529944
0.450695
-0.540005
-0.421503
0.418987
-0.507689
-0.502355
0.155791
-0.457522
2.318391
-0.686720
0.916093
1.478015
0.416555
-1.936611
1.205003
-1.136846
-0.139330
2.625677
-0.064963
1.394520
-0.177365
-0.924950
0.764599
-0.183074
-0.857369
0.210734
-0.153251
1.205360
-0.355610
0.664865
1.000350
-0.488874
-0.199063
-1.231015
-0.688954
0.390934
-0.188857
-0.518290
-2.123819
0.023283
0.781356
1.004123
0.214969
-0.636819
-0.304750
0.761277
0.876091
0.193540
-0.370712
0.772869
-0.545028
0.000409
0.695800
-0.206019
0.979674
0.884588
0.995874
-0.767243
1.541785
-1.149423
-1.126891
1.072872
-0.799152
1.328309
0.530121
-0.267759
-0.892972
1.084221
0.461207
0.380471
0.155999
0.841005
0.170746
1.115786
1.358764
-0.276505
-0.585396
-0.326724
-0.126310
0.562390
0.644751
-0.144715
-1.267897
1.547647
-0.238292
-0.750265
-0.266465
2.165311
-3.306306
-1.630100
-0.575815
0.084075
-1.106279
1.620207
0.406106
0.360354
0.769287
-0.796814
0.681004
0.035457
0.194870
-0.436742
-0.518872
-0.041645
-0.173869
-0.738101
0.269808
0.268224
-1.497318
-1.663259
0.955521
0.093202
2.187461
1.133771
-0.618740
0.643771
1.257956
2.307814
0.457801
1.845631
1.090486
0.142223
-0.674103
0.140290
0.231448
0.110085
0.968378
1.134859
-0.331775
1.568606
1.560742
-0.163604
0.077141
-0.183440
-0.004164
-1.046968
-0.345004
-0.336586
0.369353
-0.597767
-1.274031
-0.216925
-0.524112
0.777749
-0.691849
-0.300212
-1.161778
1.100223
1.263227
-1.005170
-0.405396
0.011022
0.920316
-0.850517
1.509746
1.608931
-0.404840
-1.762723
0.440564
0.059924
-0.663595
-1.621742
-0.496154
-0.350251
-1.352589
2.325625
-0.650254
-0.167906
-1.910106
-0.208698
-0.216919
-1.618525
-0.925880
1.200243
-1.023068
-0.325632
1.321565
0.736507
0.114145
-0.298141
0.870623
-0.470892
-1.028393
-0.155641
-0.747496
0.256984
-0.187647
0.110087
0.286154
-1.800460
-1.541262
-1.845616
0.665376
0.299898
1.025248
0.308764
1.711578
-0.271424
0.028123
0.112128
-0.536860
2.887062
-0.027833
1.197463
-0.780284
0.683750
-1.989173
-0.766580
-0.592370
0.567278
0.847164
-0.122224
-0.381192
-1.472853
0.150130
-1.364725
0.135218
0.827937
0.897826
-0.509470
-0.431466
1.129654
-0.417134
-0.583503
0.575703
-0.295480
0.715315
0.811039
-0.386904
1.507402
0.243947
-0.510678
0.779714
1.291235
-1.644817
0.687780
0.032583
-0.778573
-0.088996
0.681389
1.090958
0.656099
0.697766
-0.339010
0.752777
1.482702
-0.642976
1.727899
1.051871
0.727897
0.958374
-0.166213
1.044938
-0.093290
0.145235
0.254480
-2.231515
-0.372114
1.436948
2.358221
0.403434
0.820623
-0.306732
-0.976679
-0.316053
-0.241395
-0.285237
-0.403438
0.526026
-0.100837
0.408603
-2.144936
-0.014258
-0.276985
-1.456243
0.538473
-0.012145
0.618329
-0.501378
0.700947
1.780649
-0.885391
0.599284
0.304581
0.865442
1.213031
-0.490611
1.115219
-0.269962
-0.700664
-1.031426
-0.718154
-0.102954
0.145474
0.541869
0.500421
0.686135
0.475883
-1.227069
1.446699
-0.198779
-0.562325
-0.286478
-0.221029
0.466577
-1.650100
-0.542237
0.877690
1.022004
-0.375644
1.761772
-0.339021
1.176737
1.872674
-0.030467
-0.649316
0.680447
-0.647536
-0.369434
0.122240
-0.052548
0.597900
-2.121706
0.518718
-0.669102
0.118947
-0.221689
0.809071
-0.262959
-1.586045
-0.098965
-0.807234
-1.580104
-0.188351
-0.460057
-0.375084
0.287399
0.255700
-0.142983
0.561958
-1.044921
0.639284
-0.356303
-0.446792
-1.370880
0.909985
-1.013099
0.351864
-0.812940
1.146958
-0.718252
-0.160211
1.099118
-0.415630
0.409993
-0.154108
1.680144
-0.320852
-1.275820
-0.366421
-1.105061
-0.939181
1.414501
1.283627
0.234982
0.411566
-0.299256
-0.249017
0.390582
0.626692
-0.119886
-0.235749
0.592977
-2.767285
0.001943
2.005657
-0.744184
0.885243
-0.333920
0.266273
-1.643566
-0.835939
-0.544337
-0.911562
0.926076
0.287427
0.129104
0.551241
0.060489
0.545255
-2.017786
-0.554045
-0.445064
-0.547503
0.544470
-1.267759
-0.217149
1.266274
1.718410
0.691267
-0.057881
-1.201464
0.035829
-1.162742
0.210729
1.098408
-0.786604
-0.089741
-0.277797
1.198499
0.524310
-1.277306
1.499871
0.981985
0.356565
-0.352886
-0.646172
-0.838986
-2.307152
0.739897
0.128247
0.825106
-0.498849
2.511938
-0.750642
0.412440
-1.538493
1.299142
1.299380
0.196703
-0.382836
-0.254453
-0.665381
-0.518392
0.189443
-2.608922
-0.147477
1.895665
0.138538
1.318208
0.349891
0.646964
0.421711
0.697401
0.435607
-1.310780
0.188918
-1.998329
-2.320938
-1.597187
-1.739994
0.616394
0.762208
-0.635313
-1.477997
1.283492
-0.938904
0.821379
-1.503857
-0.790720
-1.136548
0.296228
0.645441
-0.523760
-1.201702
-0.852454
0.754595
0.478528
-0.588935
-1.449137
-0.420787
-0.449488
1.121209
0.472758
-1.223630
0.774458
0.505746
0.495665
-1.528559
0.982939
-0.496009
-0.828090
-1.199981
-0.244899
0.578638
-0.095816
-1.656742
-1.557040
0.074840
-1.011006
-0.339233
0.913421
0.231606
-0.062728
-0.925345
0.179641
-0.655946
-1.977837
-0.234428
-0.235651
-0.045521
-0.941892
-0.438808
-1.107992
0.739755
-1.811240
-0.842538
0.580886
-0.585824
2.095659
0.741582
-0.698430
-1.192775
-0.282709
-0.317544
-1.368359
-0.333605
-0.571063
-0.877686
-1.893762
-1.267555
0.698799
1.083378
-0.366353
0.266076
0.349663
-0.141331
0.060291
0.151563
1.179382
0.032394
-0.868186
1.877163
0.175429
0.414069
-0.079946
-1.835077
2.068098
1.962648
1.028131
-0.764578
0.333635
-1.065090
0.105280
-0.021941
1.874968
-0.708039
2.204624
-0.007410
0.875663
-0.088781
0.782208
2.617627
0.463853
0.291290
-1.186900
-1.129803
-1.279807
0.517711
-0.653589
0.494066
0.355259
-1.060303
-1.339983
-0.849956
-0.246233
-1.751950
0.504478
-0.523001
0.057984
-0.758029
-0.714014
0.025568
-0.207109
1.019096
-1.558587
1.063042
0.950500
0.743806
0.777741
-0.694331
0.267378
-1.633126
1.346587
0.119639
-0.647836
1.285331
-1.587884
1.316444
-2.569669
-0.374754
1.327450
-0.042418
-0.826127
2.137884
-0.318129
0.782351
-1.252602
0.135750
0.688648
-0.387691
0.680617
-1.028555
-0.776442
0.590826
2.047677
0.232773
0.739405
0.448962
1.012122
0.031887
-0.049232
2.021879
-0.424987
0.582113
-1.933769
0.512763
0.462102
0.551433
-0.091354
-0.109862
0.923805
-1.017734
-1.207139
0.613153
0.585193
-0.560995
0.885368
0.230640
-0.647479
-1.697424
-1.533292
0.338182
-0.692139
0.394221
0.721681
0.536929
-0.433437
-0.133637
0.030422
-0.771120
1.105120
0.767911
-1.297139
-0.292956
-0.459727
0.897334
-1.598953
2.122872
-0.025618
-1.659172
0.400758
0.654833
-1.017045
0.874085
0.503875
-0.092744
-0.355515
-0.661285
1.079725
0.153263
-1.293618
1.769684
0.497902
-0.489914
1.407925
-0.543138
-0.235529
0.648955
-0.201928
-0.298852
1.998909
-0.615316
-0.388771
1.198338
-0.212584
-0.307402
-3.227789
-0.034351
-0.450858
0.100858
1.115540
-0.603159
-0.645334
0.202919
0.240441
0.375925
2.415111
0.927214
1.214582
-0.105889
-0.338955
0.432721
0.090318
1.431771
-0.390001
-0.133717
-0.598559
0.188112
1.584426
0.216337
1.502125
0.403329
0.505271
-0.903167
-0.067634
-0.002054
1.304742
0.455267
0.179229
-0.777320
-0.682712
-0.956612
-0.753328
2.258683
-1.459684
-1.148939
0.755267
-0.207656
-0.150595
1.262801
-0.012161
-2.972217
-1.291418
0.692508
-0.687094
-0.178833
-0.012125
0.162801
1.632718
-0.499485
-0.245172
0.625158
0.293484
-0.198525
0.592407
0.138030
-0.634142
-0.162177
0.906673
-0.039559
1.415639
0.755540
-0.244668
1.764086
0.172317
-0.418779
1.151860
0.086049
0.496137
-0.978475
-0.838823
-0.610881
-1.022348
-1.593328
-0.238251
0.900388
-0.420465
-1.787466
-1.823615
-0.061472
-0.554656
-0.284433
0.024695
-1.987976
0.109749
0.314852
-0.167658
0.934214
-1.441099
-0.235314
0.348866
-0.601093
0.726124
-0.786040
1.410933
-0.012293
-0.894154
-0.510780
1.530554
-0.473272
-0.129092
-1.234644
0.631360
-0.725364
-1.347369
0.673072
-1.418670
-0.145526
0.161734
-1.013206
-0.388776
-2.336821
0.694072
-1.442558
-2.459352
-1.068275
-0.579932
2.759661
-2.475806
-0.462583
-0.478164
1.111978
0.230216
1.515587
0.763962
-0.411246
-0.728487
-0.705342
2.921507
-0.004355
0.233651
-0.180738
0.629162
0.059399
0.643597
0.865467
0.013609
-0.145686
-0.984151
-0.375933
-0.089683
-0.122268
-0.239084
-1.413933
-1.269369
0.609613
-0.029277
-0.716783
0.168067
0.710871
0.493562
0.027039
-0.811586
1.044422
-0.845396
-1.233659
0.294151
-0.318276
-0.282980
0.981673
-0.820550
-0.822299
-0.185885
0.221750
-0.744961
-0.103056
-1.861779
1.508351
-2.043113
0.179951
1.258492
-0.520315
-1.280497
0.775774
1.054838
-1.542820
-0.627876
-0.846564
-1.940335
2.091317
1.839561
-1.639994
-0.961650
-0.507351
0.778465
0.420770
0.008568
2.132400
-0.957088
-0.383317
0.361170
1.010416
-1.959025
0.571915
-0.889493
-0.498596
-0.971523
0.741336
-1.386812
0.244769
0.488941
1.170123
0.261289
-0.256748
1.656952
-0.325735
-1.917469
-0.015662
-1.006562
-0.749845
1.048504
-0.052260
-0.927258
-1.162608
-0.220729
-0.750447
-0.007941
-1.348839
-0.653091
-1.332962
1.091216
-0.301053
2.391105
0.511202
2.744334
-3.176863
0.717814
-1.478322
1.106964
-1.521932
-0.643272
-1.630187
-0.636945
-1.152080
1.411984
0.667039
-0.148977
-1.358845
-2.032743
-1.040053
-2.287039
1.493568
-0.004819
-0.562240
-0.749277
-1.178665
-0.299200
0.676149
0.142014
-2.557255
0.670464
0.876662
-2.884179
0.920476
0.005188
-1.148743
-0.470178
-0.455855
-2.501556
0.714660
-0.393809
1.666079
0.042698
0.470686
-0.430985
-0.973807
0.852885
-1.401598
0.863372
-0.164463
-1.250795
0.706281
-1.190426
-1.377914
-0.638689
-2.454153
1.169740
0.382501
-0.379563
0.879909
-0.231761
0.111637
1.290258
0.165093
1.041677
-0.017747
-1.122119
-0.430734
0.273768
-0.517153
1.073974
0.681361
-0.593771
0.094519
0.512836
-0.076417
0.583606
-0.821149
1.442228
0.718149
-1.139227
-0.213306
-0.729864
-0.506311
1.055061
-0.277577
-1.065818
-1.095736
-0.021213
-0.884468
1.345887
1.840008
1.414220
-0.916624
1.416947
0.256242
-0.717441
-0.128441
1.006702
1.597933
-0.146550
-0.449522
0.530631
-0.347990
0.924089
1.800435
-0.383303
0.646401
0.769104
-0.342620
-0.267290
0.169474
1.669409
-0.713307
-1.525471
0.150661
1.879610
2.007715
-0.364690
-0.382122
-1.177163
-0.466694
1.672910
-0.403145
-1.728812
0.766386
0.974232
2.137726
0.656680
-0.238816
-0.035528
-0.329852
-0.505530
-0.771738
1.145883
-0.307659
-1.926675
-1.269747
1.003389
-0.713742
-1.149162
-0.160325
-1.105896
-2.870203
-0.253820
0.275791
0.421041
-1.460355
-0.490604
-1.911002
0.831121
-0.212211
1.578590
0.288769
0.698458
-0.871818
-1.620538
2.092862
-0.135062
-1.436620
-0.583877
-0.174870
0.425535
1.149624
0.567036
-0.112338
0.591837
0.400873
2.761232
1.579835
0.448205
0.866938
-1.083400
-0.800562
0.143665
1.263927
0.693015
1.149873
-0.019494
1.140071
-0.149144
-0.195206
-0.252429
2.044507
-0.002336
-0.588285
1.684002
0.275140
0.428287
0.120179
-0.722662
0.991978
-1.278658
-0.090685
-0.323773
-0.865705
0.349601
0.893665
-0.229455
2.078057
-0.912569
0.920262
1.511124
0.494183
0.185072
-0.301218
-0.775385
-1.732499
-1.219841
-0.126458
-0.150473
0.361324
-0.577924
0.350680
1.036786
-0.035155
-1.012172
2.206509
0.771957
1.685134
-0.330253
-0.211494
0.069932
-1.804399
1.965997
-0.841864
0.023102
1.062983
0.001137
0.132483
-1.777061
-0.063189
1.200905
0.218201
-0.953624
1.260213
2.541348
0.623667
-0.084043
1.268375
-0.307002
1.119843
1.533410
-0.280114
0.630781
0.798871
0.772720
0.850927
0.885857
0.058547
-1.907591
-1.006391
-0.972454
0.332695
-0.570538
0.176906
1.724745
-1.883675
2.437093
0.670852
0.796627
1.711241
0.076487
-0.479901
-0.223248
-0.823596
1.289201
2.014727
-1.821978
-1.058095
0.313657
0.454347
1.131711
0.688500
-0.894997
0.013068
-0.616977
1.078085
0.278067
-0.582299
1.143385
0.179131
-0.191043
1.571117
1.960841
0.676019
-0.192905
-0.594466
-0.052578
0.341642
0.606136
-0.159484
-0.529424
0.978741
2.339650
0.410994
-1.692236
0.821320
-0.525689
-0.292215
-0.064461
0.250115
0.650535
-0.400427
-0.473215
-0.678876
-0.496314
1.181103
0.563370
-0.256987
-0.167085
-1.821714
-0.555309
0.258834
0.718036
0.118621
0.387086
-2.326443
0.314163
-1.858775
1.392571
-0.071665
1.536011
0.063808
0.552095
0.394891
-1.413862
0.923705
-1.509554
0.337916
0.509426
0.590982
-1.527363
0.197047
0.187083
1.157971
-0.949916
0.867268
1.267615
0.099541
0.546562
0.876169
0.371823
0.481629
-0.324568
-0.384600
-0.160234
1.451897
-0.439038
0.897905
-1.741554
-0.557917
0.637160
0.843696
1.213402
0.927692
0.832319
-1.549656
0.943762
0.638501
-0.685252
0.513056
-0.202442
-0.859833
0.936369
-0.262361
-1.034294
1.813014
0.190627
0.441846
-1.651885
0.899956
0.582211
0.431234
0.912274
0.106918
-0.676990
-2.036449
-0.134239
-0.689747
1.757320
1.314202
1.136556
0.430617
0.463486
0.717966
-1.635487
-1.434865
0.706281
-0.183805
0.994807
-1.205726
-0.615777
-0.690810
0.449260
0.783300
-0.209316
-0.431874
0.720636
0.726738
1.334227
1.433883
0.885043
-0.190315
0.690802
0.979522
0.463194
1.152541
-1.106085
0.564129
0.444291
0.381415
-0.153561
1.226856
-0.667911
-0.710697
-0.026973
-1.218916
-0.591602
0.084903
-1.106393
1.188942
0.777278
-1.020411
-2.605820
-2.148897
1.369094
-0.409267
0.140627
2.289505
-1.273243
-1.511548
-0.724353
-0.787720
1.484606
0.504305
2.200499
-1.493447
0.059113
1.448669
-0.472558
0.472438
-0.370188
-1.400801
-2.040085
-0.067404
0.773982
-0.534274
-0.384869
0.381073
-0.337383
0.048101
0.702658
-1.249278
0.305327
0.267853
1.089937
0.341963
-0.089691
-0.803065
0.441391
1.057395
-0.459336
0.140191
0.953914
-1.160741
-0.150464
2.222563
0.654471
2.386783
0.345615
-1.164374
-0.939581
-0.335352
-0.052865
0.133736
-1.213815
0.488427
-0.654404
-0.155632
-1.644118
2.591513
0.617291
-0.418104
-0.046101
0.571297
-0.748323
1.312072
1.091930
1.827747
0.926114
2.011812
-0.982562
0.558623
0.687891
0.507988
1.102054
2.177327
0.932211
-1.236174
-0.526749
0.575986
1.664197
-1.255802
-0.823039
0.224153
1.643412
-0.412297
1.033056
-0.299528
-0.974563
-1.253835
0.650855
0.420217
0.686595
0.835146
-0.262526
-0.004485
-0.223211
1.515922
-0.009683
0.178913
-0.590828
1.119794
0.614930
-0.454144
-0.310324
0.852981
-0.284192
-1.823904
0.143077
-0.013839
-0.116446
1.296965
-0.552487
-0.782723
0.357512
-1.592650
-0.974891
1.177773
-0.640347
0.057523
0.556793
-0.959404
0.523851
-0.585765
0.752926
0.595085
-0.474514
0.729347
0.940012
-0.314584
0.152933
0.227371
2.041933
0.951930
-1.361712
1.400390
-2.167119
-0.143864
0.546610
-1.816635
-0.656887
-3.397038
-0.074280
0.734685
-1.519923
0.495581
0.323189
-1.312633
0.211306
0.195200
0.731781
-0.160422
0.270493
0.407622
0.418542
-0.132486
0.216450
-2.022386
-0.526253
-0.077056
-0.130278
0.220689
-0.948446
-0.862666
-0.342631
-0.086912
-1.618139
-1.061101
0.920002
-1.009717
0.016101
0.724614
-0.397645
-0.769489
-0.325615
1.561645
-0.698385
0.350973
-1.502450
0.764882
1.935833
-0.673303
0.454480
-0.114722
0.547224
1.516787
0.329408
0.861448
-0.844626
-1.362681
0.141871
-0.454211
-1.030268
-0.015011
-0.094804
-0.125809
1.344122
-0.517364
1.597331
0.388638
-1.218105
-2.355922
-0.948751
-0.851568
-0.722927
0.534131
-1.259455
-1.406556
1.428640
1.276926
1.989563
-0.507019
0.189583
-1.161541
0.439738
0.155112
-0.515283
1.075832
-0.059258
0.111431
-0.119800
-0.358002
-0.719416
1.300987
1.491598
-0.218726
-1.226234
-1.951823
-0.040219
-0.541682
0.336276
0.798963
1.043115
-1.345835
-0.767655
1.627461
-0.268935
-0.869926
0.109740
0.509913
-0.682514
-1.098542
0.801514
-0.905712
0.059230
1.281449
-2.439294
-0.322864
-1.190586
0.966689
0.360251
-1.190243
-0.807538
-0.404956
0.787732
1.324919
-1.314542
-1.212432
-0.219964
0.146947
-0.753990
1.032394
0.603057
0.092935
-0.802959
0.531605
0.272429
0.101112
0.243908
1.358776
-0.849153
0.434372
-0.544844
0.923460
-0.248614
-0.964037
-0.613075
-0.653621
-0.936166
0.256132
-0.111754
0.478673
0.801045
-1.250532
-0.213022
0.128589
-0.349208
-0.761727
1.026116
0.366540
0.500074
1.448306
1.387205
-0.028648
-0.183164
-1.087310
-1.053281
-0.711277
0.198759
-0.689711
0.990955
-0.049054
1.641580
0.766392
-1.321628
1.790508
-1.814501
-0.067978
-0.350062
-0.919554
1.129439
0.258974
-0.359076
0.724703
-1.561102
-0.675150
-0.319831
-1.745729
0.872575
0.824370
1.402663
-0.821243
2.099217
-0.452590
-1.194974
-1.104582
-1.410382
1.008478
0.003259
-0.073023
-0.029089
0.720192
-1.451995
-0.469420
-0.889800
0.651943
0.900725
-1.135526
0.464908
-0.060428
-0.493969
1.093029
-0.706495
-1.044173
0.238133
0.126142
-1.355937
-1.195285
1.253468
2.089085
0.582107
-1.389721
-1.160453
-0.922304
-1.029633
-0.598151
-1.223586
1.368644
0.428220
0.710127
1.323587
-0.446543
0.174218
-0.525290
-2.401857
1.271042
-0.058025
0.223704
-0.630798
0.268670
0.321553
-1.886624
-0.832734
1.456909
-2.299127
-0.364377
0.255652
-0.386669
-0.227099
0.645543
0.014221
-0.734939
1.332587
0.325082
-1.024120
0.349184
-2.100705
0.075627
0.437983
0.615334
1.783285
0.303435
-1.722292
0.519531
-0.910382
-1.573661
0.071099
-0.689620
-0.325970
0.304807
0.732273
-0.504898
1.468302
1.194820
0.942793
-0.097999
-0.579845
-0.983164
-0.677364
-0.624365
-0.213229
1.169482
-0.990917
-0.514341
-0.196028
1.097347
-0.556362
-1.331618
-1.556031
-1.655943
-1.312053
-0.271693
0.030431
-0.341423
-0.453555
0.188228
-0.053037
0.950808
0.626996
2.155079
0.858880
1.850641
0.245701
0.929730
1.405124
0.817661
0.800369
0.071800
1.713203
-1.594842
-0.308565
0.283248
0.773077
0.673396
2.820375
2.051267
2.346427
0.674958
1.711830
0.165206
-0.017223
-0.742759
-0.700491
-0.329377
-0.470100
0.219126
-1.052961
1.698555
-1.030018
-0.599426
0.831711
0.531458
1.132581
0.752009
0.720629
-0.085012
-0.214372
-0.089965
-0.701364
-0.780773
-1.049361
-1.757524
-0.053104
0.377326
-0.634935
-0.750762
-1.420025
1.164019
2.323732
0.605495
0.156080
0.817640
-1.164977
-0.313307
-0.092928
-1.383038
0.542897
-1.266585
0.633002
-0.133190
0.159681
-2.800572
0.703443
1.844794
0.915581
-1.143489
-0.236960
-0.581535
-1.267310
0.473637
-0.691783
0.797649
-1.165919
-0.469568
-0.718596
0.269433
-0.783939
-0.681371
-1.805138
-0.172283
-0.965965
0.217859
0.330031
-0.479948
1.197533
1.834739
1.817713
0.680401
0.390491
-0.158701
-2.010803
-0.289991
-1.702889
-2.474031
-0.325965
0.230972
-0.108860
-1.156195
-0.033473
0.735777
0.721373
0.524195
0.091162
-0.580908
0.737748
0.900441
2.029109
1.044435
0.955813
0.495675
1.160211
0.706604
-0.637894
-0.079740
-1.521668
0.469395
0.381195
-1.287154
-0.043042
-0.093846
0.393039
0.381775
1.813944
-0.589562
-1.771724
0.445656
-0.202497
2.040744
-0.189725
1.492475
0.008241
0.868919
-0.558058
-2.558001
0.373734
-0.247968
2.339805
0.603968
-0.420011
0.356753
-0.993216
-0.855735
-0.062637
-0.026114
-1.627493
0.447592
1.874921
1.532749
0.523391
-0.814875
-0.049423
0.415133
-0.744691
0.052012
-0.554528
0.336049
-0.593301
-0.814259
0.017016
-2.205976
-0.689373
0.707659
1.671262
0.757260
-0.425646
-1.149064
-0.723669
-0.352140
-0.793481
-0.126967
-1.259160
-1.876919
0.349208
0.312198
-0.138702
0.389735
-0.572305
0.376216
0.439094
0.887511
-0.139515
2.960024
-1.757101
-0.793554
-0.658485
0.367097
0.390687
0.411039
-1.195142
0.241250
-1.275487
1.052388
0.254201
-0.972686
0.226699
-0.640306
-1.334244
0.230436
0.381186
0.390749
-0.957036
0.355313
-0.369038
-1.190326
0.508238
0.124452
0.770803
-0.615576
0.427185
1.513617
-0.299580
-1.187517
0.259429
-0.173883
-1.030885
0.192910
-1.324624
0.450078
-0.440512
-0.717491
-0.178267
1.564307
-0.202870
-1.397776
-0.928080
0.246934
-0.319135
-0.541906
0.376871
-1.962855
0.169307
1.119335
0.940913
-1.088109
-0.034782
0.315953
-0.515458
0.721789
1.876612
-0.708180
0.326951
0.045430
2.322767
0.013125
-2.406624
-0.832262
0.844489
-0.543892
0.591751
-0.547194
1.976068
-1.258205
-1.912536
-0.695324
-0.277755
-0.849608
-1.017414
-0.024970
-0.577087
-0.601685
-0.061128
-0.650059
-0.373592
-0.942681
1.042488
0.384056
-0.362618
1.148159
0.580869
0.229632
0.886218
-0.361255
-1.181504
-1.229159
0.969018
0.229471
-0.298977
1.617359
0.562838
0.655986
0.110854
0.305000
-0.031723
0.603284
-0.474641
0.663147
-1.014285
-0.517180
1.280539
1.267836
0.112376
-0.287214
0.752221
0.901211
1.113696
1.193002
-1.598761
1.706662
1.133697
-0.472582
-1.399794
0.058069
-1.380605
0.626526
0.586576
0.271558
0.585765
-0.836397
1.079691
1.084992
-0.577375
-0.079994
-0.987062
1.712941
0.034450
1.173611
-0.918315
-0.355108
-0.418526
1.010760
-1.095506
0.366294
-2.270494
-0.858823
-0.327537
0.724760
-1.413482
-0.883618
0.028222
-0.052615
-0.033693
-0.497864
0.467195
-1.611938
-0.353338
-1.025863
-2.227840
0.122109
1.044892
0.612077
-0.074028
0.682704
0.068609
0.208467
-0.471543
-1.434887
-0.237003
0.827307
-2.109576
-0.375380
-2.264376
0.937534
1.876634
0.442877
0.920866
0.339949
-0.473644
-1.276113
0.696785
1.352112
1.866489
0.822392
-1.053359
0.062607
0.495274
1.572226
-1.457935
0.728398
-0.156550
-0.026463
-1.663679
0.524966
-1.140007
-0.604568
1.331287
0.318942
0.758164
0.648395
0.965515
0.242953
-1.482080
0.791089
0.656477
-0.269162
0.266698
-0.639447
1.125250
2.327515
-1.630682
-0.611977
-1.815742
0.180925
-0.319073
0.284605
-0.471222
-0.047949
-0.216576
-1.246978
0.548447
1.454186
1.124373
-1.242221
-0.915934
0.414020
-0.386995
0.586759
1.646380
0.914887
-0.626964
-1.564926
1.070039
-0.030673
-0.664754
0.524058
0.433224
-0.450465
-0.429189
-1.258192
-0.131971
-1.140274
2.083365
0.689011
-1.160436
1.175751
-0.104694
0.514112
0.120384
0.930962
1.044003
-0.517762
0.378863
-0.249745
-1.149437
0.390209
-1.436917
-1.295525
-1.769094
0.099502
-0.520051
-0.608095
-0.955832
-1.187683
0.979655
-0.545758
-0.637498
-3.406459
0.309749
0.851213
1.577588
-1.067350
-1.133178
-0.978128
2.371314
-0.894247
0.200011
-1.206470
1.315609
-1.426630
0.722036
2.196832
-0.592053
0.239935
-0.256852
-1.140372
0.523294
-1.109409
-0.477841
-0.516907
-0.205350
1.165429
-0.524148
0.474508
0.083175
-1.097911
0.937818
1.450533
-0.992855
-0.867395
0.286895
1.074557
0.224217
1.580318
-0.304366
1.264664
-1.034538
-0.459123
1.099062
-0.897595
0.289647
0.443393
-2.143197
-0.759825
-0.267661
-0.809945
1.257783
0.869209
-1.251697
-0.196631
-1.651086
-0.988377
-0.571894
1.432289
0.339941
-0.455625
0.628924
0.067880
0.479755
0.300027
-1.217311
-0.734832
-0.635772
0.510407
1.164333
-1.667398
-0.291433
-1.102507
0.044135
-0.058204
-0.624172
-0.131583
1.112477
0.121050
0.695503
0.499395
-0.209019
-0.412955
1.450056
-2.069194
-0.419023
-0.586925
-0.155186
-1.088877
0.138144
0.296823
1.154996
0.360522
-0.464492
-0.134101
-2.588527
2.128137
2.365358
0.124273
0.049801
1.739136
0.251248
-1.475426
-0.683175
-0.229004
-0.239914
0.589488
-0.387047
-0.161194
1.314306
0.206468
0.779154
0.689232
-1.442176
0.095676
-0.823356
0.261976
1.084405
-0.665015
-0.431056
0.480466
0.492244
-1.433479
-0.803937
0.745679
-0.655101
-1.799110
0.333632
-0.097666
0.440915
-0.037048
0.588428
-2.618030
-0.623236
-0.377748
0.178506
0.236387
-0.726215
-1.652328
1.128672
-1.180545
-1.281195
-2.243636
0.528120
-0.812485
0.811585
-1.017766
0.670256
-0.278285
-0.883008
-1.250469
-0.433088
1.537063
-1.538652
-0.942397
1.815449
0.577998
1.174877
-0.776258
0.018133
-0.535032
-0.519704
-0.463837
0.291834
1.792437
1.980429
1.572911
0.594390
1.669127
-0.406279
-0.638482
0.499758
0.789222
0.228739
-1.615889
0.070780
-0.019708
-0.193578
0.641653
-0.135720
0.373040
-3.308189
0.827916
-1.067000
0.428561
-1.319895
0.033695
-0.690297
0.141590
0.375634
0.443079
0.246891
-0.521556
0.841035
-0.576356
-0.707983
-0.156726
-0.585723
-0.788269
-1.462521
-0.941304
1.132555
-1.341761
-0.289849
-0.913821
-1.058757
0.953223
0.197027
-1.983825
0.833803
1.411763
-0.105382
0.843047
-1.405578
0.769971
-0.766332
0.189585
-1.174401
0.804710
1.254267
0.116304
0.249302
-1.249236
-0.670909
-0.054102
-0.885449
1.283866
-1.025592
-0.766076
-0.407432
-0.818769
0.274306
-0.241363
0.135770
-1.243228
-1.109421
1.347752
-1.657243
0.978704
1.184465
0.219722
-1.460705
-0.211038
1.237191
-0.355564
0.594551
0.254276
0.515184
-0.019056
-0.580060
-2.333705
-2.619043
0.198842
0.045518
1.011471
0.423305
-1.285151
-1.520449
0.993477
0.271488
1.828852
-1.606293
-0.489915
1.584664
-0.490534
0.850587
0.818395
0.529941
-1.308130
0.444014
0.386221
0.738263
-0.168617
0.314099
-0.116620
-0.582324
-0.034061
-0.615293
-1.084647
0.723190
0.585632
0.866291
-0.213419
0.296885
-1.717387
0.430342
-0.881677
1.578018
-1.088566
-1.073394
1.356852
0.018908
1.561454
0.171061
1.818972
-0.053933
0.122359
0.101595
0.212759
0.066908
0.433018
0.769006
1.462516
-1.724821
-1.350656
-2.411777
-0.348462
0.926047
0.290914
-0.297929
-0.202695
0.242827
-1.183851
-0.772112
-0.115169
-1.343999
-0.060426
0.218143
2.163644
-1.525603
-0.229462
-0.818646
0.707851
1.482275
-0.643061
0.554370
0.405372
1.229790
1.273077
-0.068159
-0.206662
-0.658383
-1.068094
1.409045
-0.722979
-0.764408
0.617825
-0.380120
-1.071717
1.282533
-0.202168
-0.180039
0.272674
-0.169063
1.687336
-0.825340
-0.005589
-1.482814
0.336194
0.093466
-0.515173
1.688650
1.499354
0.500128
0.697317
-1.735464
0.708252
-0.951948
-0.899633
0.546950
0.283465
-0.680250
0.712683
2.264851
-1.073502
0.176959
-0.399772
0.573366
-0.927284
-0.708119
0.950643
-0.078398
-0.055142
1.080968
1.059054
1.534388
1.228375
-0.107733
0.481544
0.672756
-0.543867
0.073433
-0.024099
0.615546
0.031032
0.661229
0.657542
0.219946
1.305748
-0.015629
0.640393
-0.040528
0.015763
0.132524
0.292225
-0.062077
-0.458255
0.321895
0.682668
0.449826
-0.498549
-1.757339
0.571855
0.874374
-1.954317
-0.799734
0.739233
0.963643
-0.272620
1.551688
-1.017110
-0.867273
-1.721622
0.171848
1.117073
0.137649
1.103237
-0.618804
1.196552
-0.663316
0.826048
0.069966
0.340347
-0.455751
-1.543425
0.728302
0.023427
-0.263689
-0.365872
0.614313
1.440322
0.030613
0.763089
-0.045380
-1.352607
-1.028652
-0.109493
0.834320
-0.724729
0.532833
-1.494031
0.469742
-0.143274
-0.725993
0.979998
-0.433470
0.745171
0.838184
0.554186
1.009046
2.734506
-0.537755
0.199363
1.022158
-2.323235
-0.239187
1.086422
-0.098476
-0.416168
-0.324082
-0.279378
0.495305
2.378346
-0.273447
-1.210610
-0.711468
-0.151372
0.141494
-0.456765
-1.746171
-0.328847
-1.228085
-0.005342
1.095551
-0.896720
-0.600438
0.702525
0.366387
-1.962728
-1.658684
-0.210938
0.699012
-0.080482
-2.299351
0.288507
0.096681
-0.641683
-1.949156
-0.363991
-1.639335
0.010512
-1.050570
-0.364419
1.274284
-0.973971
-0.440498
-0.100076
-0.120859
0.559109
-1.114310
0.064801
-1.501174
0.228069
0.765726
2.104852
0.858112
-0.566652
-1.203404
0.735082
-2.114961
-1.146358
-0.051318
1.805543
0.907318
0.816492
-0.434482
-0.416732
-0.739179
-0.347028
0.699966
-0.654133
0.152815
-0.065152
-1.156476
-0.090942
0.859057
-0.753442
1.143913
0.382294
0.553794
1.846755
-0.764059
0.378372
0.805464
-1.627390
0.856735
1.457004
1.250056
0.359360
0.158503
-2.083934
0.745540
1.604458
-0.710734
1.638279
-0.907450
0.191169
0.079929
-1.080885
1.194942
0.423644
0.972005
-1.289762
0.403290
-0.600576
1.217475
0.261670
0.338383
0.170999
0.398715
0.705647
-0.049416
-1.081878
0.300734
-0.821142
0.017789
0.842328
-0.182174
-0.090460
-0.620079
-2.098604
-0.244649
2.520122
1.053944
-0.467382
-1.389694
0.872397
-0.154411
1.075328
-0.342033
-0.489475
2.623205
0.095821
1.221056
-0.163561
0.940930
-1.374487
-0.324671
0.441802
0.582745
0.619656
0.406259
-1.833319
0.319217
-0.549869
0.606427
0.083620
-0.289230
-0.023939
0.834764
0.434645
0.400235
0.445777
-0.898938
-0.482111
1.174006
0.790893
-1.159775
-0.454183
-0.269417
0.320514
1.931914
-0.165229
-1.179387
1.918375
0.251267
-0.500896
-2.386384
-0.837178
1.293294
0.594684
-0.604247
-0.223586
-1.359580
0.766011
-0.055530
0.014796
-0.930509
-0.140529
0.758346
0.301959
-1.130583
0.400083
0.240171
0.689618
0.192311
0.464513
-0.345923
0.237285
0.537450
-0.486540
-1.026840
-2.029428
0.378166
0.386269
0.774350
0.969807
0.354209
1.316909
0.223299
0.989943
-0.561842
2.595552
0.628359
0.309339
-0.235788
-1.771308
0.805559
0.530934
0.601998
-0.123487
-1.102039
-0.264639
0.594208
0.647627
0.160407
-0.173160
-1.130538
0.468888
-0.514289
2.183214
0.594252
-0.219987
1.575594
0.429998
-1.760784
1.337692
1.186052
0.144976
-0.084670
0.627611
-0.108096
0.509696
1.639971
1.270895
1.235713
-1.008051
-1.139965
-1.589746
0.885375
0.173983
-0.026060
-0.955397
-1.457147
0.627480
0.257953
-0.081585
0.241311
1.096282
-0.161151
-0.191105
-1.174190
-1.248728
0.704832
2.822040
1.547335
1.033301
-1.486414
1.207103
-0.726774
-0.074382
0.846468
0.573129
-0.946356
-0.106633
-0.384934
0.015142
0.094211
0.193129
-0.380691
0.593024
-0.784379
-0.609570
0.534829
-0.177221
-0.754312
-0.321108
0.775813
1.263533
-2.382986
-1.483702
-1.190661
2.869921
0.400773
-1.025884
1.537891
0.340542
0.007760
0.082863
0.429136
-0.493796
-0.656270
-1.530342
-0.930521
1.213887
0.809450
0.030411
-0.401675
-0.093450
-0.108168
0.320512
-0.625151
-1.869504
0.086634
0.010783
-0.191200
-0.063964
0.718997
0.428404
1.597597
0.934967
0.703625
2.308715
-0.419345
-0.938332
0.147897
1.082277
1.318012
0.678187
-1.206611
0.870186
0.793132
2.446018
-0.572869
-0.727895
-1.148192
1.103085
-1.832512
-0.429451
0.984180
1.545476
-0.261033
-0.947585
0.256546
0.995217
0.541714
-0.430551
-1.520427
-0.190329
-0.718735
0.217523
0.920068
0.709688
-0.025404
1.160314
-0.129148
0.105948
-0.096833
-1.011755
-0.262319
-2.083703
0.852055
0.178062
-0.507986
0.365542
0.363473
1.085053
-1.521893
0.862460
1.476441
0.263739
-0.948593
0.258408
-1.822154
-2.219992
-0.377694
-1.121966
1.183520
1.361148
2.243119
1.751866
-0.264711
-0.491088
0.289725
0.195015
-1.243657
1.309248
-0.115627
-0.510021
-0.584557
1.332110
0.245541
0.447144
-1.515045
-0.631829
1.021475
-0.180304
-0.486846
1.476758
-0.638476
-0.080586
-0.270458
0.336147
1.275927
0.981889
-0.140376
-0.541933
0.249551
1.870606
1.270894
-0.286230
-1.288021
-0.261125
2.340846
-1.493043
-0.230374
-0.028382
-1.418867
1.182345
-0.485353
0.602402
-1.039805
-1.132941
-0.153075
0.909054
0.318530
-1.413179
-0.908587
0.365858
1.737049
0.181766
0.313408
2.286965
-0.154104
-0.549364
1.292020
0.702570
-1.090603
0.820163
1.369619
-0.993236
-0.974472
-0.699197
0.041758
-0.571229
1.027174
0.124468
-0.209141
0.694281
1.428681
-0.188101
-1.114347
-0.163415
1.316244
-0.936793
-3.160738
0.206130
0.026683
-1.874229
2.238321
-1.421682
-1.743958
0.532855
-0.491306
-0.476802
1.175262
-0.526394
-0.061361
0.069054
-0.729518
-1.537893
1.837601
-0.437611
-1.334491
-0.869847
0.469894
-0.392711
0.271294
0.321519
0.322854
-0.754685
-0.876789
0.276689
0.285688
0.201517
0.014288
-1.371209
1.524366
0.665524
1.678477
-0.630866
-0.628252
-1.264174
-0.710977
-0.935917
0.002081
-1.340644
-0.949845
2.159383
-1.412559
-0.446567
-0.802705
-0.687874
0.477068
0.016832
0.152058
-0.391171
-1.455442
-0.630852
-1.067919
-0.973352
1.274825
1.729685
1.028595
0.129855
-2.335295
-0.322517
-0.137678
-0.221934
-0.899596
0.104968
-1.171454
0.411893
-0.657725
-0.218025
-0.410570
-0.282849
0.054983
0.288575
0.168127
1.582478
-0.347489
-0.885391
-0.545876
1.569419
1.750139
-0.690284
-0.418202
-0.132910
0.173670
0.446473
-1.090025
0.814707
-0.678534
-0.917610
1.631027
-0.052352
-2.086115
-1.831734
-0.016444
-1.444980
1.243897
0.510457
0.263268
1.009686
-0.487568
-0.005058
-0.746664
-0.058371
-1.785713
-0.472713
1.539655
-0.201855
-0.624007
-1.937676
0.804986
-0.609440
0.791119
-1.279956
0.664283
-0.864910
0.044250
0.396120
0.866042
-0.142570
0.626965
-0.094111
-0.099585
-0.509862
0.175930
1.823921
-0.329292
-0.842388
0.376402
-0.522843
-0.693141
0.305948
1.069117
-0.661403
-0.246086
-0.137036
-0.315765
0.201850
0.607745
0.973956
0.666642
-0.266069
0.962071
0.563864
-0.598519
0.380246
-1.070841
0.601341
0.863361
2.220019
-0.224615
-1.147602
-0.904965
-0.300899
-0.807951
1.247994
0.209432
-0.797660
0.046839
0.773585
1.821570
1.015975
-0.372409
0.926411
0.756982
-1.227461
1.645319
-0.126157
-0.266409
0.687364
-1.831423
-0.926819
-1.160566
0.628316
-0.933652
-1.550061
-1.008955
-0.107460
-0.613848
0.629459
1.453323
-1.941236
-0.262169
0.653870
1.293375
-0.075479
1.075135
-1.932789
-0.136419
1.469793
-0.829729
-1.578663
1.281001
0.563462
1.247919
-0.308661
1.894900
-1.202384
-0.162235
0.939420
-1.717580
-0.996764
1.592679
0.701516
0.094338
0.121574
0.809865
-0.830633
0.740830
-0.494525
0.582036
-0.104548
0.762283
0.559935
-0.229268
-0.177777
1.132886
2.515666
-1.255658
-0.111668
-0.162744
1.590364
-1.351242
0.977355
1.132635
0.718725
0.525820
1.496328
-0.191621
-1.263367
3.222326
0.319954
0.877043
-0.565473
0.365108
-1.051844
-0.628427
1.375382
1.803909
-0.582196
-0.505336
1.692597
-0.316263
-0.513314
-0.479259
-0.133952
-0.322050
0.475883
-0.335895
1.450080
0.390428
1.299248
-0.416139
-0.619365
0.378373
0.716579
-0.029273
-1.250586
-0.423079
-1.818517
0.120206
0.770317
-0.361056
-0.845726
-1.567986
0.912428
0.254337
-1.634732
0.595793
0.760456
0.387831
-1.181752
0.719520
1.255099
0.273058
-0.266386
0.466284
0.682689
1.852518
-0.086412
-0.646041
1.019429
-0.690792
0.777887
0.455531
-0.041180
-0.602090
0.453337
-1.781773
0.649218
-0.740884
-0.041622
-0.757472
0.116570
-0.556898
-0.487226
-0.021782
-2.155039
1.037645
0.527082
0.294883
-0.148320
-1.234842
0.663731
0.218608
-1.088556
0.544726
0.569086
0.584364
2.022939
1.790017
-0.242076
1.192380
1.009999
1.583694
2.663104
1.533790
2.283856
-1.370141
0.058208
-1.616061
0.483219
-1.429047
-0.604384
-0.246841
0.436001
-1.990733
-0.904246
1.794785
-0.169724
0.912396
0.516922
-0.261715
2.583088
0.556691
1.132530
-1.080829
0.620054
0.667857
0.622446
-0.812585
0.757619
-0.183195
-0.726949
-1.763979
-0.829875
-0.426250
0.553162
-1.340034
0.335383
-0.822587
-0.608334
1.459370
-3.403510
0.089747
-0.490694
0.348274
-1.452649
-1.514831
-0.817850
0.096129
0.614677
1.847530
-0.323107
0.001281
-0.614412
-0.657117
-0.853179
-0.936925
0.706040
-0.686939
-1.028821
-0.797702
-1.993271
0.808207
-0.242312
0.612680
-0.503566
-1.627962
0.421038
-0.878147
-1.045144
1.313336
1.038774
0.068112
0.346397
2.450673
-1.034976
1.496836
-0.767985
-1.297567
0.127699
0.082026
0.030355
0.772725
0.045160
0.711772
0.263364
0.106240
1.018529
-0.343146
1.194551
0.244452
0.286914
-1.057336
0.396203
-0.000360
0.864872
0.509513
1.480480
2.358171
3.202773
-1.496821
-1.302249
0.537649
0.015752
1.585229
0.754378
1.291911
0.961404
0.707948
-1.391867
0.138096
-0.730410
0.127587
0.871472
1.483928
-0.068716
-0.193470
0.410965
0.839879
-0.812837
1.191665
-0.076116
-1.095446
0.623093
1.293406
-0.124444
-0.124935
0.022551
-1.237893
-2.225909
0.091577
0.733522
1.652408
0.557970
0.337719
0.613893
-1.260598
-0.634786
0.086035
0.518595
-0.077918
-0.320842
-0.338551
0.194463
0.451171
0.557851
-1.028283
-1.828332
1.367950
-0.333220
-0.071916
2.100653
0.347453
0.682105
-1.406600
-0.272579
-0.331449
-2.473686
0.268001
-0.986224
-0.719367
-0.828681
0.256482
-0.293364
0.222319
-0.289322
0.525219
-0.652016
-0.137390
-1.301077
1.375441
-1.049356
-0.849052
0.750131
0.847251
2.029019
-0.108521
0.354392
1.591522
0.619693
1.238813
-0.141169
0.847324
2.316816
-0.395745
2.228401
0.344586
0.736081
-0.506845
-1.405166
-0.574720
-0.238433
-1.057220
-0.909823
1.400754
-2.857276
0.264792
-1.951570
-2.691149
0.432260
-0.476187
-0.110753
0.689830
-0.093230
0.718638
0.025799
-0.156595
-1.108548
-0.699806
-1.271820
-0.614036
0.346899
-0.057610
1.563096
1.614058
0.614592
-0.064969
0.548951
-0.585956
0.826878
0.548983
-0.811595
1.765718
-0.220361
0.056169
-0.258975
-1.347019
0.931967
0.947727
-0.704255
-0.776505
-2.462287
-0.145295
-1.351272
-0.963446
-0.100140
0.201074
-0.234186
0.567849
0.962408
-0.117776
-1.173683
1.018440
0.439254
-2.111342
0.643430
0.193491
-1.328131
1.386086
0.838359
-2.062992
1.220983
0.776702
0.333411
-0.292578
0.033030
0.813793
-0.265267
1.043043
-0.181514
0.324583
-0.496685
-0.802241
-0.874061
0.441910
-0.598346
-0.554802
1.929340
-0.431669
0.783017
0.204028
-0.743169
-0.971199
-0.754639
0.444862
1.179428
-0.315520
1.419378
0.789683
-0.834401
-0.101740
0.048349
-0.521122
1.079089
0.187661
-0.484114
-0.932025
0.605402
-0.879792
0.366871
-0.038511
-0.350301
0.718355
0.057058
0.610620
-0.611163
0.937644
-1.557753
0.268326
-1.108539
0.653400
-0.382246
0.455067
-0.358140
-1.842469
-0.055389
-1.111249
0.451247
0.762910
-1.243607
-0.070826
0.020965
-0.430183
0.896753
1.272546
-1.502543
-0.837624
0.084588
-0.179085
-2.109189
0.023790
1.390735
0.953237
-0.072773
1.791000
-1.094554
0.085418
0.380922
-1.249191
0.700290
1.499916
-0.309247
-0.001197
0.852592
0.523084
-1.191265
-0.850505
0.710372
0.085750
-1.532394
0.625430
0.630974
0.521398
0.589068
-0.485585
0.387208
-0.324619
1.373839
2.011060
-0.000779
-0.015616
0.054253
-0.576694
-0.608478
-0.349713
-2.530820
-0.876924
-0.173942
-1.319955
-0.203845
-0.371729
-0.214732
0.215119
-0.290396
0.018913
0.442417
-0.647957
-0.414000
1.335051
0.211510
0.437674
-0.759253
0.031511
0.052423
-0.089341
0.573119
1.158081
-0.174234
0.321378
0.052714
0.700663
0.175352
0.548134
-0.376818
-0.130743
-0.123113
0.229513
0.481768
-0.502473
0.477018
1.075812
-0.984593
1.681333
0.914453
-0.107415
-0.631749
0.023652
0.801133
-0.807138
-1.148437
2.935272
-0.751309
-0.412783
0.723410
-0.386767
0.075312
0.683484
0.349646
0.807884
1.276743
-0.157515
0.265156
-0.404546
-0.861206
-0.777650
-1.117048
0.384575
-0.254393
-1.394560
-0.059353
-0.343168
0.488506
0.325097
-0.227769
0.311285
-0.913464
-0.168677
0.613439
-1.467162
0.609311
-2.927051
2.141272
0.842225
-0.386834
-1.629963
-0.062427
0.257372
0.139802
0.867124
0.720329
-0.059893
1.163151
0.810083
0.826779
-0.095507
-0.451126
-0.245852
-2.895006
-0.163397
0.590082
0.118552
-0.329940
1.311330
0.191989
-0.251912
1.228390
-0.374831
-0.763591
-0.879543
0.163639
0.179762
-0.332826
1.235277
-0.939428
-0.108215
0.226758
0.371947
-0.494184
0.084523
-1.358328
-0.078379
-0.321554
-0.426502
-1.990297
-0.419842
1.560618
-0.155014
-1.130110
-0.592831
0.018381
2.651091
-0.807236
1.831375
0.985821
-2.269178
0.008832
-1.310895
0.174177
-0.003803
-1.192716
2.252387
-0.301820
0.430785
-2.759814
1.088280
-1.060356
-0.823466
-0.246051
0.418425
-1.017338
-0.443177
-0.541192
-0.230346
0.805336
1.150244
0.275049
-0.261527
-0.131119
0.588516
-0.061898
-1.421758
0.233333
-0.075926
-0.984295
0.744732
-0.249823
0.524858
-0.355600
0.416345
1.024052
0.257750
1.420049
-0.049037
1.044391
-0.172308
-1.299727
0.785415
1.316367
2.345503
-1.017371
-0.242326
0.721874
0.091351
1.407664
0.970341
-1.430662
-0.569819
-1.071705
0.386320
-0.259360
0.660731
-1.162731
0.233350
-0.825256
0.260704
0.777978
0.060576
-0.015015
-0.359115
-0.635962
0.619753
-0.772219
2.195625
-1.101293
-0.368002
-1.181939
-0.335687
-1.284121
1.240445
1.391479
0.139090
-0.478473
0.407380
1.534806
-0.533899
-0.470328
-0.229221
1.146374
-0.945769
-0.912531
0.316233
0.636353
0.722711
1.445219
-0.019457
1.206620
-1.476934
1.838236
0.500859
1.145279
0.524952
0.726844
0.649750
-1.310824
0.343516
-1.503282
-0.729108
0.652731
-0.112878
1.867017
1.769518
-1.703440
-1.013331
-1.092445
-0.449235
0.318467
-0.573109
0.605590
-0.135715
-1.486426
1.293449
0.168356
-0.694131
-0.486980
1.204915
-2.075538
0.599112
0.039398
0.161924
1.415023
-2.637608
-0.743568
-0.949117
-0.477874
-1.420215
-0.985881
-1.051969
1.071134
-0.065165
-0.084059
0.097589
0.807978
-0.101839
-0.476125
0.242807
1.358108
-0.233308
0.170489
0.186814
-1.270556
0.565980
0.085003
-2.180068
1.182796
1.134691
0.638558
0.219406
-1.325538
-0.686681
0.276057
1.460409
0.817100
1.940493
1.272601
-0.528632
-0.469917
-0.030018
-0.172686
0.248315
0.241577
-0.525146
-1.058854
-0.940464
0.350050
-0.196748
-0.799231
2.724453
1.302726
-0.198144
1.800131
0.683524
-0.614355
1.237192
0.208133
1.288162
0.661761
1.743986
0.596507
-0.769724
0.348124
-1.143650
-0.383493
-0.453865
1.292298
-0.290406
1.291880
-1.256062
1.245942
-2.024415
0.958153
1.005727
-0.249325
-2.490198
-0.596189
0.607686
-0.060716
-1.558070
0.254785
0.382809
-0.848249
1.066753
-1.955264
0.061127
0.659090
0.811584
1.670906
0.616864
-0.767844
1.241389
-2.383341
-0.622099
0.732186
-0.354657
0.590127
-0.376253
0.702930
-1.175267
0.497326
-0.175744
-0.460855
-1.097493
1.208456
-0.644006
1.242698
0.695030
-0.535197
0.948536
0.613296
1.677500
-0.438270
-0.469649
-2.033335
-0.244341
-1.507553
0.438851
-0.450277
1.729215
-0.029979
-0.094555
0.283646
1.595109
-0.547901
0.841016
-0.565112
0.027296
0.361625
1.339336
-1.444327
1.625960
-1.952660
-1.145994
0.743006
0.120252
0.847354
0.009626
-0.298492
-0.536193
0.254025
-0.052295
-0.355921
-1.272736
1.200060
-0.093034
-0.377087
-0.495413
-0.004105
0.280201
-2.156684
0.443862
-0.557409
0.203836
-0.381634
-0.281998
-0.750814
0.567269
1.010637
-1.493915
0.977860
-0.760545
-0.241633
0.818443
0.726067
0.466500
-0.708990
-1.483155
-0.282006
-0.606987
-0.917097
2.227286
1.223314
-0.624106
-0.456734
0.952964
1.227505
-0.338332
-1.268434
-0.378005
0.419980
1.181640
-0.839851
-0.227330
-0.421680
-0.067232
-0.343666
-1.885149
0.956648
-1.131525
-0.021446
1.088738
-0.473079
-0.113949
-0.938847
0.715154
1.575035
1.270095
0.116116
1.856393
0.031148
-1.263738
-0.901094
-0.695379
1.344397
-0.938939
1.567173
2.091666
0.859908
-0.035172
-0.076551
-0.078397
0.700387
-0.300179
0.350759
-0.096272
-0.704289
-1.181834
-0.678590
-0.109871
1.182611
0.357259
-0.982319
-1.144238
0.702549
1.852586
-1.443354
-0.520547
0.095400
-0.459712
2.694949
-1.108996
-0.888422
-0.580961
0.515940
2.068539
-0.427344
-0.819180
-1.082706
-0.546727
-0.298467
-0.240376
0.561307
-0.749061
1.537015
-0.160197
-0.283497
-0.359933
-1.307396
-0.573858
0.534462
-1.033536
1.349975
-1.048004
0.208233
0.695301
0.986442
-1.347066
0.738005
1.247830
-0.258008
-1.027184
0.990124
-0.747897
-1.367511
-0.148901
1.076853
-0.674278
0.781010
1.886269
-0.752028
0.345931
0.127962
-0.892621
0.273609
-0.150274
-0.068707
-0.086692
0.302586
1.934294
-1.546381
0.415449
-0.527377
-0.914113
0.867768
1.299798
0.010970
-1.091185
-0.680745
0.310885
-0.435784
-0.804931
-0.679586
1.297387
-1.228647
-1.435271
-0.101788
-0.044438
0.055576
1.470746
-0.771238
0.265539
0.703777
1.378235
0.821329
1.259600
-1.483779
1.916518
-0.929814
-1.460803
-1.705755
1.506667
0.014851
-0.736152
0.006313
-1.029985
-0.841379
-0.414181
0.447329
0.799226
0.452122
0.686194
-0.647337
-0.934317
-0.486055
-0.463722
-0.376550
1.542515
1.036839
-0.897932
-1.062820
-0.272575
0.463571
-0.178264
-1.795396
1.774706
0.387849
-1.081692
1.164359
-0.534259
-0.663121
0.260804
-0.116508
-0.517357
-1.195548
-0.214142
1.081624
-0.434062
0.821840
1.004651
-0.333253
-0.493746
-0.019418
-1.572629
1.294114
-0.754691
1.008683
-1.052550
1.805780
0.587795
0.944922
-0.435511
1.537579
0.574462
0.167816
-0.230363
1.708455
1.145307
-1.191460
0.359597
-0.408421
0.131028
1.006871
-1.154546
-0.082484
2.975799
-0.916526
0.918397
0.213039
2.013213
0.070493
0.836093
1.147189
-1.165896
-0.980717
1.367071
0.810728
-0.673503
0.933837
0.890772
0.524010
-0.844327
-2.150845
-0.359557
1.158591
-0.357851
-1.849440
0.572510
-0.802208
-0.722073
-0.241309
-0.569100
1.290704
-1.267562
1.015399
-0.097325
-0.323937
-0.286808
0.338932
-0.985765
1.861663
0.020354
-0.802721
0.230748
-1.511513
-0.033666
0.558894
-0.858700
0.145476
0.870340
0.759424
-1.865055
0.343030
0.496829
1.097325
-0.438081
1.909598
0.712647
1.816438
0.539152
0.255892
0.116514
0.575819
0.813778
1.213922
-0.611685
0.367880
2.956375
1.116631
1.668634
1.855368
-1.351343
0.214666
0.270955
1.015477
1.815735
-0.510568
-0.411243
-1.003469
-0.070056
-0.006735
-0.029096
2.581390
-1.140462
-0.080228
1.099505
0.193044
0.756419
-0.688567
-1.430652
-1.444175
-0.492428
-0.255170
-0.570130
-0.612566
-1.639115
0.641812
-0.814835
1.224111
0.181609
0.015629
1.016169
0.060608
0.815526
0.061390
0.892239
-0.137713
0.036693
0.461735
-0.218378
-0.414896
1.664519
-0.659608
-2.592124
-0.737407
-1.628427
-1.250124
-1.376731
-0.463865
-1.045014
0.382633
0.431702
-0.631126
-0.694267
-0.278833
0.485323
-1.260964
0.458860
-0.255667
0.399775
0.544390
-1.345125
-1.441864
-0.292590
0.924706
-1.328881
1.043269
-0.448952
0.656701
0.090729
-0.585086
1.126523
0.377963
1.132675
-0.223795
0.211751
0.592392
0.436530
0.060879
1.805320
0.365683
0.124751
-2.068881
-0.388960
0.899488
-1.498310
0.802501
-0.167295
0.957156
-0.363343
1.255562
-1.070066
0.821860
0.777385
0.833269
2.505140
0.061692
-0.568059
-0.396056
-0.223699
1.617088
-1.061530
-0.771530
1.862460
1.311435
-0.551866
0.551469
-1.666231
-0.265474
2.111125
0.660205
-0.190697
-0.444934
-1.364831
-1.514803
-1.252159
0.677586
1.348898
-1.865264
0.982406
-1.210513
-0.672528
0.692786
1.824626
1.567347
-1.756289
-1.099460
0.007038
-0.122939
1.736325
-0.858453
0.620090
0.987507
0.065371
-0.502067
1.379504
0.203384
1.032909
-0.040384
-1.366222
-0.090818
-0.881849
0.724671
-1.356284
1.698186
1.096088
0.037878
-0.111320
-0.652797
-1.128755
-1.153195
-0.111150
0.011515
-0.994040
0.395834
2.035434
-0.385236
-1.819227
0.272426
0.958619
0.426171
1.273204
1.098782
2.607850
-0.631603
0.675201
0.967274
0.248724
1.474137
-0.890984
-0.934998
-0.130782
0.827826
0.245164
-0.011366
-0.025055
-0.323179
0.379736
0.667658
0.182289
0.385143
0.374491
0.142714
-0.663267
-0.683551
-0.059428
-1.069970
-1.908656
-0.062097
-0.816403
0.168863
-0.860174
-0.036622
-0.246040
0.163892
0.737065
-0.075240
-0.161496
-0.638812
0.827486
-0.233143
-0.613945
0.632386
-1.108731
0.855776
0.802856
-0.153913
1.237109
0.361810
0.332147
-0.053615
-0.177051
-0.540987
0.938973
1.984407
-3.286634
1.434374
2.398517
0.168713
-1.223385
-0.637574
-0.679445
-0.578679
0.083768
-0.017825
1.807549
0.071002
1.333455
-0.278665
-0.421652
-0.640166
-1.386659
0.693568
0.566960
-1.072026
0.868581
0.802363
0.937416
0.065103
-1.055908
0.634895
-0.021893
0.496135
0.766269
-0.218546
-0.051563
-1.523138
-2.175453
0.107659
0.334087
0.283104
-0.421726
-0.860676
1.405415
0.904901
0.492232
0.026461
0.086799
1.062845
-1.018154
-0.407125
-0.050691
-0.742133
-1.720740
2.809571
-0.307740
0.077585
1.102206
-0.200629
1.341892
-1.636189
0.716480
-0.774571
0.993245
-0.242973
-0.486407
0.560045
1.002065
-0.329905
0.922421
-2.159511
-1.403576
0.854510
-0.610585
0.367304
-1.284359
0.304524
1.085302
-1.321025
-0.879679
-0.892150
-1.640335
0.672677
-0.559128
0.016537
0.083993
0.051965
0.951436
-0.989036
-0.816567
0.216332
-0.371568
0.654124
0.874042
-1.057229
0.014586
-0.223182
1.407586
-0.024597
0.363906
-0.257309
-1.233311
-0.249697
-1.740428
0.688196
-0.639010
-1.368926
-0.515125
-1.428868
-0.609044
-0.822232
0.245662
1.615977
0.052420
0.439384
0.851095
-0.120224
0.759325
-0.099140
0.615293
-0.507682
1.480114
1.764609
0.839108
-0.418931
-0.217721
-1.473648
0.729473
-1.062377
-1.337114
0.765575
2.149294
0.126411
-2.302853
1.008661
-1.561968
0.330835
-1.849086
-0.124547
-0.646338
-0.841707
1.015927
-1.034902
0.240854
-0.290144
0.630991
0.030233
0.059197
-0.174721
-2.098487
-0.785811
1.495093
-0.737385
-1.598723
-1.606377
-0.011080
-0.336671
-0.490078
1.182234
0.707830
0.353412
-1.506128
0.977868
0.130910
0.502963
0.845351
0.415864
0.484866
0.744571
0.445754
-1.272205
-0.085148
1.065566
-0.964495
1.187572
1.706504
0.355048
0.736854
-0.119727
0.432649
-0.684376
1.161953
-2.532792
-3.200983
1.299848
-0.965150
1.172296
0.964069
-0.942987
-0.936346
0.865098
0.393552
-0.531078
1.332033
-0.788853
0.699931
0.616986
-1.080383
-0.077917
-0.044495
-0.979500
0.355271
-0.156087
0.012873
0.693943
-0.044239
0.854444
1.389714
-0.097546
-0.149301
-1.249545
0.001905
1.120513
-1.678333
-0.754408
0.121131
0.295992
-1.804081
1.103573
1.006018
-0.266789
-0.450049
-0.083471
-0.087558
0.315587
0.713639
-1.109205
0.923732
-0.019062
-0.280869
0.737959
-0.394007
0.980501
-1.474614
1.189331
0.218553
-0.094398
-1.798303
-1.941710
-1.376584
0.763960
0.672838
-0.465069
-0.020857
-0.623486
-2.048497
-0.653035
-1.123729
1.353121
-2.424314
-0.416069
-1.324873
0.222381
-2.311245
0.594753
-1.765875
1.091927
-1.095417
0.068820
-1.235679
0.078010
-0.526862
0.758205
-1.492778
-0.246312
0.982828
-0.639208
1.339423
0.519024
1.294847
0.737602
-0.001997
1.073796
0.430642
0.225577
-1.684862
-0.116057
-0.388657
0.937101
0.669674
1.332278
1.682070
0.548392
0.331846
1.163987
1.158007
-0.137124
-0.064458
1.241189
-0.999055
-0.449870
1.851966
0.747093
-1.360653
0.576924
1.011079
-1.307107
-0.358741
0.693070
-1.672584
-0.409316
-0.338871
0.912268
0.868042
0.730282
-0.284065
0.697151
0.383837
-1.032662
-0.770368
-1.934545
0.321181
-0.941342
-0.084778
-1.508575
-0.866715
-1.710813
1.709939
0.136010
0.059337
-1.203313
-0.441881
-0.133500
1.334892
-2.199137
-0.740095
1.633083
0.420101
0.450328
0.428498
2.583647
1.682773
0.000830
0.905072
0.487170
0.423022
-1.124620
-0.425542
-0.164322
0.163536
0.054525
0.688528
-0.533458
0.127781
-2.001256
0.725402
2.020012
-0.537492
-0.529396
1.513444
-1.415908
0.175498
0.434041
-0.460447
0.867301
0.201383
0.881645
-0.050616
-0.378394
0.011354
0.538232
-1.236362
-0.598077
-1.150088
-0.116210
-0.688989
-0.470946
-0.522447
1.051449
0.262430
-0.256025
-0.695422
1.648870
1.074133
0.085269
-2.158931
0.298682
0.732059
0.088839
-0.744597
0.259688
0.456549
0.708209
-0.827028
-0.342750
-0.380850
-0.098241
1.183412
-0.001801
1.795250
-0.242993
-0.728720
-1.121234
0.770115
-0.328326
1.774637
-0.553581
0.673544
1.776254
0.881335
-0.440967
-1.930939
0.212777
-1.097108
0.669014
1.609748
0.211188
0.389013
-1.909833
-0.941898
-0.127891
0.570282
-0.652686
0.994774
-1.059571
-0.251752
0.053666
-0.988568
0.028949
-1.006902
0.499859
-0.701204
-0.355579
0.649912
-0.642338
0.369107
-0.914237
0.070594
0.032479
0.960356
0.686407
-0.025231
0.653021
0.521010
-1.771071
-0.350789
0.254744
-0.750872
1.244757
-0.801092
-1.301289
-0.121389
1.352334
-0.691474
0.084219
-0.391289
0.314159
0.556781
0.217018
0.299851
-0.239630
-0.333166
-0.628887
-0.072517
0.113042
-0.231721
-1.028099
0.405410
0.975772
-1.326632
0.019197
-0.486799
0.453290
-0.256774
1.263014
-0.450702
-1.363752
1.403076
-0.887921
-0.776730
1.287743
-1.031888
-0.912348
0.035732
-1.581658
0.872236
-0.038806
-0.088594
-1.615458
-1.320631
-1.843019
-2.034590
-0.898817
0.058940
0.097010
-1.057731
1.077805
-1.289022
0.687167
1.204523
0.025767
-0.458651
0.455236
-0.465572
0.863432
-0.250253
-0.148466
-0.565821
-0.927341
-0.236399
2.590620
-0.367481
0.309853
-0.503938
-0.633010
-0.030764
0.532347
0.550062
0.034063
0.117214
-1.411542
-1.086380
0.497504
0.754923
-0.466639
-0.920090
0.297622
2.530902
-0.755663
0.131892
-0.716812
-0.503305
0.470916
0.245743
-1.174953
0.069227
2.478466
-0.797426
-0.174705
0.541239
1.461520
-1.725084
0.239527
0.898469
-0.153395
-0.429585
0.872792
-0.048062
1.162604
-0.815978
0.274261
0.027990
0.524412
-0.232464
0.349007
1.085724
-0.728310
0.917149
-1.890238
0.655149
0.468216
1.524974
-1.062698
-0.736897
-0.671192
0.776305
-0.546750
0.729077
-1.288754
-0.054966
0.428553
-0.906486
0.731318
1.111900
-0.752965
-0.727770
0.619757
1.172871
0.468388
-0.693915
-1.336748
0.765762
0.421603
0.022503
2.771290
-0.855963
-0.298742
1.177594
0.092292
-1.330495
0.253543
0.250920
-0.717891
-0.420230
0.209213
-0.223492
-0.407605
-1.323227
-0.345764
1.287099
1.468864
0.006453
-0.784401
0.422524
0.903308
0.247762
0.436150
-1.824543
-0.330589
-0.027081
-1.612627
0.920807
0.909193
-1.183514
-0.058152
-0.152842
-0.700021
0.500189
0.627040
-0.234204
-1.558255
0.957878
-0.767807
1.208956
-0.692274
0.220121
-1.319630
0.171497
-0.768387
2.660379
-1.070188
0.061817
0.230250
-0.398554
-0.307080
0.104919
1.114907
0.232111
-0.813922
0.160296
0.498552
-0.635621
-0.901085
0.810210
-0.882732
-0.080422
-0.067989
-1.374917
-0.757566
-0.134637
0.362386
-1.558415
0.427836
0.778383
-0.606227
0.888721
0.706905
-0.430242
-0.955886
-2.590978
-0.098575
0.992103
0.209755
-0.810259
-0.737990
0.490270
-0.944015
-0.012226
-0.401938
-1.017291
-0.308706
0.509919
-0.218125
-1.314194
-0.560261
-0.374255
0.745866
0.935979
0.171088
1.899187
0.533920
-0.705409
0.044860
-1.631580
-0.259127
-0.080369
-1.685811
-0.274595
0.444878
0.782882
-0.514898
-0.905205
-0.595463
0.079150
0.803056
-2.152760
-0.990792
-0.017980
1.986585
-0.452095
0.108654
0.189355
-1.383367
-0.491559
0.639672
0.329659
0.641500
1.958155
2.283418
-0.931816
2.231731
-0.554658
-1.193579
-2.268679
0.873666
0.326428
1.706228
0.225096
1.610565
1.241869
0.095824
0.279335
-0.155011
0.930841
0.739231
-0.530440
-1.062316
-0.178196
-0.621141
-0.787699
-0.157042
0.168426
0.913311
1.928891
-0.218831
1.669439
1.473315
0.389119
-0.899819
-0.819466
1.159008
1.711977
0.146037
0.924299
-0.410354
-0.702257
-0.062674
2.665572
-0.869679
1.417132
1.365154
-0.400063
-1.086596
-0.689223
-0.830584
0.802972
-0.684450
-0.239440
0.679037
-0.522436
-1.246809
-1.931913
0.259971
0.826422
-0.005081
0.296093
-1.308926
-1.271626
0.439719
-0.978203
0.221140
0.309973
0.057295
-0.985987
-0.907638
0.025123
0.499050
-0.787907
-0.361126
0.112387
-0.240529
-0.920756
-0.038208
0.967859
-2.053004
0.679550
2.420576
0.572946
-0.286985
0.069983
-0.197337
-0.368984
-0.404476
0.184168
-1.742136
0.737693
0.879279
1.685782
-0.718739
-1.267492
-0.226397
-1.565251
-0.180194
0.722475
-0.281507
1.998175
-0.369418
0.363124
-0.331707
-0.553431
-0.592008
1.501629
-2.902464
-2.108955
0.183779
1.242469
0.832951
-0.546655
1.364345
0.289955
-0.183361
-0.538449
0.198126
0.081847
-0.480268
-0.603416
-0.618239
-0.816107
-1.000875
0.072474
0.192910
-0.341360
-0.072431
2.247113
0.155740
-0.404840
0.472312
0.068777
0.647837
3.017902
-0.914839
-1.404630
-0.532606
1.167315
-0.418396
-0.094214
0.517109
-0.072838
0.675709
2.057357
0.614122
0.108079
-1.533434
-0.774495
-2.076488
1.672850
-1.516371
-0.491005
-1.367800
0.124226
0.286245
0.994868
0.309506
0.472146
0.348877
-0.401908
1.105455
-2.030250
-1.079619
0.233470
-0.293110
-0.437323
-0.438206
-1.830212
0.912597
0.056043
-1.024494
-0.147599
-0.491490
0.617394
-0.592974
2.025516
-0.833754
-0.434636
0.806123
0.969834
1.315107
0.361454
-0.214846
1.064229
1.202775
-0.124880
0.848915
1.379737
0.786645
0.936530
-0.455784
0.411642
-0.245849
-0.372192
1.578516
1.166887
0.679809
-0.479203
0.464298
0.361148
-0.288101
-1.347326
-0.452311
-0.781757
-0.478964
-0.040965
-0.390195
-1.260445
0.611166
0.905298
0.333229
1.114706
-1.596360
-1.501797
0.159910
-0.243127
0.652735
0.042660
-0.505178
0.948532
0.879275
0.536775
-0.077338
-1.798348
0.060059
-1.061125
0.725418
-0.992867
0.118456
-0.525945
-0.466318
-1.156370
-1.144608
-0.350472
-1.376230
0.698619
0.329725
-0.762185
0.868812
0.766522
-1.065180
0.450597
-0.857916
0.056008
-1.195183
0.378965
0.808764
-0.780030
-0.857301
-0.343057
0.367249
-0.030688
-1.289790
1.551112
1.774921
-0.362963
-0.784256
-0.665610
-0.321619
0.712418
-0.642312
-0.688669
-0.084944
-0.801743
-1.798993
-0.704747
1.090164
-1.015231
-0.422543
-2.612928
0.980724
-0.213011
-0.385070
0.707949
-2.484416
-0.712087
-1.210832
-0.294844
0.779629
-2.589139
-1.158399
-0.876135
-1.117112
-0.269855
0.309140
1.053360
-0.464374
-1.329967
-0.413764
1.060855
-0.709823
1.672439
-2.353336
0.548550
0.556028
0.328953
0.748461
0.599831
-0.557532
1.976741
-1.543619
-1.665838
-1.035236
-0.096137
0.885344
0.231633
0.940088
1.457473
-2.049140
-0.047746
1.042379
-0.480207
-0.017293
-0.388197
2.536330
0.364526
-0.303911
-0.515866
-1.152159
